Tract,Pct_US_Born_Citizen,Pct_US_Terr_Born_Citizen,Pct_Foreign_Born_Citizen,Pct_Naturalized_Citizen,Pct_Non_Citizen
101110,65.41830924,0,1.905387648,21.30968025,11.36662286
101122,67.23237598,0,5.450391645,24.47780679,2.839425587
101210,50.40542777,0,1.390038061,27.2712229,20.93331127
101220,48.83233533,0,1.017964072,31.76646707,18.38323353
101300,61.14352392,0.2100350058,1.470245041,32.6487748,4.527421237
101400,66.47101981,0,1.614086574,24.52922475,7.385668868
102103,49.89118607,0,2.720348205,36.12622416,11.26224157
102104,47.75876121,0.2988318392,0.3531649008,39.14697093,12.44227112
102105,55.47034765,0.408997955,0.2556237219,28.11860941,15.74642127
102107,69.88606939,0,0.5178663905,22.21646815,7.379596064
103101,67.93048973,0.8293838863,2.290679305,20.41864139,8.530805687
103102,51.92607437,0,1.224671565,33.4001336,13.44912046
103200,69.05330151,0,3.818615752,22.13206046,4.996022275
103300,74.75131656,0,0,21.24049152,4.008191925
103400,66.26040428,0,0.5202140309,25.38644471,7.83293698
104103,59.55920041,0.1025115325,3.536647873,23.57765249,13.2239877
104105,52.70935961,0,0.424664515,20.68965517,26.17632071
104108,59.55911042,0,1.268045259,21.86890363,17.30394069
104124,73.77808663,0,0.8107482048,12.69400046,12.7171647
104201,56.89368771,0.2699335548,0.8305647841,13.22674419,28.77906977
104203,48.62567812,0,0.9584086799,14.32188065,36.09403255
104204,49.08935686,0.1422879909,0.796812749,16.39157655,33.57996585
104310,48.31979321,0,2.289512555,14.67872969,34.71196455
104320,48.60730961,0,0.4186121398,18.62824022,32.34583803
104401,52.95364238,0,3.01986755,13.56291391,30.46357616
104403,51.31221719,0.1809954751,0.874811463,22.50377074,25.12820513
104404,54.07091267,0,0,13.62442548,32.30466185
104500,53.35120643,0.4021447721,3.150134048,21.81635389,21.28016086
104610,53.41331048,0,0,20.05141388,26.53527564
104620,55.95824877,0,0.3479269353,16.7004929,26.9933314
104701,61.02371449,0,0.2582765907,14.20521249,24.51279643
104703,53.13051146,1.543209877,1.102292769,12.03703704,32.18694885
104704,56.19469027,0.3027480205,0.5589194224,19.8416395,23.10200279
104810,51.92903893,0,3.220806063,19.34205994,25.50809507
104821,61.51824818,0,0.5547445255,17.81021898,20.11678832
104822,50.72679836,0,0,16.47409616,32.79910548
106010,71.12507481,0.7480550569,0,14.57211251,13.55475763
106020,61.89994947,0.151591713,0.4210880916,17.97203975,19.55533098
106111,70.83156555,0.169707255,0.4666949512,17.45863386,11.07339839
106112,72.14384033,0,0.8947006194,15.39917412,11.56228493
106113,61.31112305,0,1.101558302,19.50564213,18.08167652
106114,65.08036558,0,0.7091080996,9.013551844,25.19697447
106403,59.88888889,0,1.611111111,16.58333333,21.91666667
106405,72.64957265,0,1.818978742,14.46416831,11.0672803
106406,67.98147831,0,0.8060367004,15.72629052,15.48619448
106407,67.40116656,0.388852884,0.388852884,11.82760855,19.99351912
106408,56.73525377,0.1371742112,0.7956104252,10.37037037,31.96159122
106510,73.14189189,0,1.051051051,17.32357357,8.483483483
106520,59.46694358,0.2076843198,1.817237799,16.73589477,21.77223953
106603,60.57810578,0,1.506765068,34.04059041,3.874538745
106604,61.1634576,0,0.8193363376,18.00491602,20.01229005
106641,64.95246327,0,1.72860847,26.8366465,6.482281763
106642,62.5308642,0,0.3703703704,30.24691358,6.851851852
106643,60.69376463,0.1276867419,1.489678655,31.75143648,5.937433496
106645,67.97080292,0.5839416058,1.313868613,23.76642336,6.364963504
106646,63.44707924,0.1156737999,0.6362058994,28.77385772,7.027183343
106648,47.46187116,0,0.4097427726,17.27748691,34.85089916
106649,56.45285935,0.2704791345,0.6955177743,26.81607419,15.76506955
107010,60.63624679,0.1606683805,0.4177377892,19.79434447,18.99100257
107020,53.65551425,0.4602584528,1.628606833,21.75606302,22.49955744
108101,57.00934579,0,0.7314099959,32.10077204,10.15847217
108102,54.39667129,0,0.2496532594,40.38834951,4.965325936
108103,58.35427136,0,0.3140703518,39.00753769,2.324120603
108104,65.95419847,0,0.8651399491,25.75063613,7.430025445
108201,52.34179478,0,1.287093314,37.11119056,9.259921344
108202,56.81356915,0.2464482459,2.247028124,31.34241809,9.350536387
109100,63.88791594,0,0.8056042032,23.88791594,11.41856392
109200,75.32994924,1.150592217,0,17.12351946,6.395939086
109300,68.64535769,0,0.6392694064,21.79604262,8.919330289
109400,54.43383356,0.3819918145,3.983628922,22.10095498,19.09959072
109500,56.97650664,0,1.797752809,16.97650664,24.24923391
109601,64.32453416,0,2.38742236,23.13664596,10.15139752
109603,50.85508551,0,0.7875787579,29.38793879,18.96939694
109604,68,0.3448275862,1.137931034,16.79310345,13.72413793
109700,67.51754946,0.191448628,0.6168900234,25.39885131,6.275260583
109800,66.83654896,0,0.1820167455,21.6053877,11.3760466
111100,69.91413474,0,2.608982827,20.80581242,6.671070013
111201,63.27124563,0,0.75669383,25.20372526,10.76833527
111202,66.38909917,0.340651022,0.2271006813,25.45420136,7.588947767
111204,71.561249,0,0.4963971177,22.40192154,5.540432346
111205,59.81880509,0.2693437806,0.2938295788,28.91772772,10.70029383
111206,72.01611194,1.038795845,0.6783972864,19.90672037,6.35997456
111301,58.43724023,0,0.3047935716,19.86699917,21.39096703
111302,62.21388368,0,1.951219512,24.91557223,10.91932458
111400,57.6343546,0.2511300854,1.393771974,25.02511301,15.69563034
113101,72.40533914,0,0.2451648052,20.4031599,6.946336148
113102,76.78865809,0.4286185295,0.2307945928,20.07912957,2.472799209
113211,74.35828877,0.2406417112,0.614973262,22.64705882,2.139037433
113212,67.9217314,0,0.9487103469,21.73139638,9.398161874
113213,67.74387796,0,0.2609393818,24.74909675,7.246085909
113231,79.94847574,0,0.9016745384,15.80077286,3.349076857
113232,70.62133646,0,0.9847596717,20.44548652,7.948417351
113233,55.88771418,0,0.5468465184,9.94045449,33.62498481
113234,53.10538844,0,0.9954555291,19.21661978,26.68253625
113235,81.14130435,0.4347826087,2.826086957,11.19565217,4.402173913
113237,73.19240932,0,2.185923613,20.39394667,4.227720394
113301,69.47890819,0,1.033912324,15.59139785,13.89578164
113303,66.06932327,0,1.957085593,25.30063664,6.672954492
113321,58.32937074,0,0,25.47154858,16.19908068
113322,60.46511628,0,1.09159943,28.71381111,9.729473185
113401,56.49426243,0,2.378180609,23.83169799,17.29585897
113421,56.40988372,0,1.308139535,21.59883721,20.68313953
113422,57.09203403,0.2784222738,0.94354215,26.72853828,14.95746326
115101,78.117195,0,1.344860711,17.15658021,3.381364073
115103,83.61921098,0,0.657518582,4.030874786,11.69239565
115104,69.50537634,0,1.032258065,17.31182796,12.15053763
115201,60.42051428,1.022872567,1.44906947,11.49310982,25.61443387
115202,76.53301887,0,0.7075471698,17.94418239,4.815251572
115301,68.10344828,0,0.5968169761,21.46330681,9.83642794
115302,53.04766269,0.2520623281,0.4812098992,21.21906508,25
115401,56.39344262,0.2654176425,1.202185792,17.65807963,24.48087432
115403,54.1014571,0,1.592012952,18.40259039,25.90393956
115404,55.55183946,0.3344481605,1.906354515,22.7090301,19.49832776
117101,42.03833745,0,0.3226418675,32.60580755,25.03321313
117102,56.59978881,0.1055966209,1.126363956,23.44244984,18.72580077
117201,53.49344978,1.375545852,0.2183406114,17.20524017,27.70742358
117202,63.61185984,0.5775895264,2.69541779,25.33692722,7.778205622
117301,67.06143597,0,1.899827288,26.6469282,4.391808537
117302,65.35521164,0,0.9696065635,25.58269625,8.092485549
117303,70.56125202,0,0.7015650297,19.02320561,9.713977334
117404,63.90320412,0.2016580775,1.209948465,24.55747255,10.12771678
117405,55.24861878,0,0.3867403315,10.33149171,34.03314917
117407,49.06816441,0.2042379372,0.9701302017,8.475874394,41.28159306
117408,55.79231693,0,0.2701080432,15.33613445,28.60144058
117510,54.03979861,0.1918005275,1.462479022,10.33325342,33.97266842
117520,54.54545455,0,0.7177033493,12.84688995,31.88995215
117530,51.19453925,0,0.638076866,16.79774447,31.36963941
119001,52.72943981,0,1.120381406,23.79022646,22.35995232
119002,50.05376344,0,1.680107527,25.91397849,22.35215054
119201,61.18027888,0.124501992,0.8466135458,21.36454183,16.48406375
119202,53.97284665,0.2893389717,0.2670821278,22.76875139,22.70198086
119310,51.37730604,0.2274450341,0.9350518069,26.78797068,20.67222643
119320,45.28149048,0,0.4860267315,15.1073309,39.12515188
119340,48.66700201,0,1.056338028,9.205231388,41.07142857
119341,40.03448276,1.586206897,0.3448275862,32.65517241,25.37931034
119342,49.21777222,0.3754693367,0.5006257822,19.21151439,30.69461827
119400,46.80121858,0,0.7425742574,30.04569688,22.41051028
119700,45.02576298,0,0.1585414189,38.72374158,16.09195402
119800,51.81590482,0,1.847213525,26.39323732,19.94364433
119900,42.76048714,0,1.179199691,32.68896192,23.37135125
120010,48.4769688,0,1.745913819,23.77414562,26.00297177
120020,38.48015489,0,0.2178121975,14.52081317,46.78121975
120030,35.44,0,0,16.88,47.68
120103,42.55192878,0.118694362,1.038575668,6.350148368,49.94065282
120104,50.47008547,0.8974358974,0.641025641,21.32478632,26.66666667
120105,48.82744137,0,0.4900245012,27.37136857,23.31116556
120106,48.73709642,0,0.1537447837,12.10191083,39.00724797
120107,46.15592123,0,0.1888319396,10.22390073,43.4313461
120108,40.02083333,2.395833333,2.041666667,16.66666667,38.875
120300,52.76218076,0.1267886252,0.4528165187,33.49030973,13.16790437
120400,44.24388857,0,2.586696987,29.32063673,23.84877771
121010,53.97892849,0,1.031158933,29.32078009,15.66913248
121020,48.19474836,0,0.6564551422,27.78993435,23.35886214
121101,55.1,0,0.3333333333,19.23333333,25.33333333
121102,64.22764228,0.2845528455,2.398373984,21.46341463,11.62601626
121210,49.46688207,0,0.9046849758,23.55411955,26.07431341
121221,61.0513245,1.655629139,3.104304636,19.82615894,14.36258278
121222,52.05529283,0.4183339396,0.8184794471,20.49836304,26.20953074
121600,51.75402394,0.8666941808,0,37.51547668,9.8638052
121801,45.64843481,1.169590643,0.2751977984,22.6006192,30.30615755
121802,62.83590623,0,0.657518582,21.3836478,15.12292739
121900,44.53642384,0,3.476821192,26.40728477,25.5794702
122000,46.80645161,0.1612903226,1.032258065,34.88709677,17.11290323
122120,57.17627047,0.6591537317,0,20.92281522,21.24176058
122121,56.35577962,0.3961109111,1.260352899,23.76665466,18.22110191
122122,53.02681992,0,0.3831417625,15.86206897,30.72796935
122200,49.83573414,0,1.010866818,21.07657316,28.07682588
122410,51.75021003,0,0.1960235228,16.18594231,31.86782414
122420,47.39130435,0,0.9839816934,29.40503432,22.21967963
123010,48.05745232,0,1.78949847,20.01412762,30.13892159
123020,46.40727066,0,0.8236296507,23.2888384,29.48026129
123103,53.98757764,0,1.714285714,27.80124224,16.49689441
123104,58.29823083,0.1895534962,0.9688289806,17.96545914,22.57792755
123203,57.19874804,0.6781429317,0.6781429317,17.91862285,23.52634324
123204,51.83936235,0,0.6131207848,19.89576947,27.65174739
123205,51.62936788,0,0.9030231645,19.63093836,27.83667059
123206,48.46318799,0,0.6433166548,23.7312366,27.16225876
123301,53.13906657,0,1.160862355,23.6673774,22.03269367
123303,41.73942243,0,0.5708529214,28.94560107,28.74412357
123304,53.44390693,0,0.6450126699,29.30200415,16.60907625
123410,49.23148579,1.001397299,2.282254308,21.30880298,26.17605962
123420,55.87125416,0,0.5327413984,25.14983352,18.44617092
123510,44.19606235,0.1845775226,1.866283839,25.71780148,28.03527482
123520,56.2569625,0,1.336799109,26.21611586,16.19012254
123601,53.67027677,0,1.16325712,28.70036101,16.46610509
123602,61.30798041,0,0,21.26188418,17.43013541
123700,52.17909026,1.214574899,6.215765658,29.00690641,11.38366278
123800,68.2830706,0,0.03427004798,21.47018506,10.2124743
123901,55.67058824,1.082352941,0.1176470588,22.72941176,20.4
123902,63.19181198,0,1.440485216,27.25549659,8.112206217
124000,78.23723549,0,0.4076878276,17.82178218,3.533294506
124102,51.94939324,0.6196746708,0.5422153369,17.11851278,29.77020398
124103,48.42105263,0.2392344498,0.2870813397,22.20095694,28.85167464
124104,60.53930877,0,1.936954045,15.7614888,21.76224839
124105,51.68241966,0,1.058601134,21.73913043,25.51984877
124201,52.22513089,0,1.668848168,26.57068063,19.53534031
124203,49.8336414,0,1.959334566,23.29020333,24.9168207
124204,61.88271605,0,0.2700617284,18.24845679,19.59876543
124300,54.98133793,0.5167958656,2.239448751,17.82945736,24.43296009
124400,67.75813141,0,0.6767081423,20.65051299,10.91464746
124500,74.33718559,0.03399048266,1.937457512,13.66417403,10.02719239
124600,78.27191868,0,0.1905972046,14.13595934,7.401524778
124700,72.65725289,1.100311755,0.5684944067,16.3029525,9.370988447
124902,72.95486601,0,2.538787024,16.67842031,7.827926657
124903,70.09873061,0,0.1692524683,23.07475317,6.657263752
125100,69.41365462,0.5140562249,2.136546185,18.21686747,9.718875502
125200,72.33681831,0.3108222662,0.7629273806,15.06075162,11.52868042
125310,64.55138037,0.402607362,1.092791411,18.04064417,15.91257669
125320,63.71502209,0,0.3129602356,22.86450663,13.10751105
125401,77.47625509,0.3844414292,0,14.5183175,7.620985979
125402,73.24317798,0.4346776141,0.7244626902,11.49480802,14.1028737
125501,71.66361974,0.3046922608,0.1523461304,13.46739793,14.41194394
125502,83.15040047,0,0.2669830911,10.44200534,6.140611095
125600,78.61586314,0,2.021772939,11.97511664,7.387247278
127102,45.86321497,0,0.4722756691,16.94944901,36.71506035
127103,55.29996892,0,1.771837115,15.82219459,27.10599938
127104,50.83705357,0,3.738839286,21.01004464,24.4140625
127210,57.39276703,0,1.766190076,13.91084945,26.93019344
127220,41.26814688,0,1.280956447,25.59777968,31.85311699
127300,56.77837838,0,1.340540541,17.92432432,23.95675676
127400,52.03106332,0,2.56869773,14.41158901,30.98864994
127520,38.90011223,0,0,18.11447811,42.98540965
127603,53.36189848,0,1.219512195,14.99670402,30.4218853
127604,52.38693467,0,1.256281407,22.6758794,23.68090452
127605,51.84770437,0.1791713326,2.48600224,12.58678611,32.90033595
127606,62.46410109,0.3159103963,2.297530155,15.96783458,18.95462378
127711,60.5108055,0,1.206848162,22.31265787,15.96968846
127712,57.51463891,0,0.7807417046,13.27260898,28.43201041
127803,55.87072774,0.2790048826,0.3487561032,18.18181818,25.31969309
127804,50.64102564,0,2.312271062,18.77289377,28.27380952
127805,42.86451613,0,0.4129032258,20.0516129,36.67096774
127806,49.42566459,0,0.5579258287,23.76107647,26.25533311
127910,48.48600997,0,1.188194711,15.02491376,35.30088156
127920,50.23194168,0,3.931963773,24.07775569,21.75833886
128101,46.05555556,0,1.666666667,26.75,25.52777778
128102,47.92498005,0.3391859537,0.4988028731,16.42059058,34.81644054
128210,51.60299482,0.1727778844,0.1727778844,15.1468612,32.90458821
128220,59.10983029,0,2.017291066,16.7467179,22.12616074
128302,57.16405256,0,1.398897838,18.60958033,22.82746927
128303,47.75132275,0,0,9.761904762,42.48677249
128400,70.78209543,0,0.8853910477,17.41269061,10.91982292
128500,70.22682229,0.8147985025,1.783748073,19.68729355,7.487337591
128601,50.95768374,0.04454342984,1.336302895,19.57683742,28.08463252
128602,83.30636462,0,0.5933117584,9.223300971,6.877022654
128702,76.12070469,0,1.587301587,12.22745508,10.06453864
128801,74.27603204,0,0.3388786198,15.28034504,10.1047443
128802,71.87374347,0,1.487736228,15.44028951,11.1982308
128910,70.037192,0.2092050209,3.509995351,16.85262669,9.390980939
131010,54.87018096,0,1.070023603,19.18174666,24.87804878
131020,50.30370844,0,0.8631713555,21.64322251,27.1898977
131100,64.32114073,0.1549907006,1.673899566,24.73651581,9.113453193
131200,64.12776413,0,2.211302211,20.63882064,13.02211302
131300,53.95391705,0,2.046082949,29.05069124,14.94930876
131400,56.32607303,0,1.505445227,28.12299808,14.04548366
131600,56.25890495,0,2.747811928,29.57459801,11.41868512
131701,59.59277918,0,1.931150294,20.6759026,17.80016793
131702,65.65603764,0,1.751176163,19.23680084,13.35598536
131800,52.86134729,0,1.095487247,28.74427731,17.29888816
131900,60.6512605,0,2.24789916,22.5,14.60084034
132001,74.98523331,0,0.7678676905,16.71588895,7.531010041
132002,69.35247583,3.105772048,0.2343978904,15.55815998,11.74919426
132101,60.55007348,0,3.149275667,16.41822381,19.88242704
132102,60.14146773,0.1945181256,2.864721485,17.59504863,19.20424403
132300,50.83762037,0,0.2901991822,24.54821264,24.32396781
132501,49.35940661,0,2.764666217,29.30995729,18.56596988
132502,56.87344913,0,0.9181141439,25.95533499,16.25310174
132700,55.43007717,0,0.7340485601,18.351214,25.48466027
132900,61.75438596,0,1.133603239,19.81106613,17.30094467
133000,60.53811659,0,1.233183857,25.60538117,12.62331839
133100,54.19592697,0,0.7198033708,28.70435393,16.37991573
134001,43.28042328,0,0.873015873,18.80952381,37.03703704
134002,55.41104294,0,3.263803681,21.54601227,19.7791411
134101,47.47915087,0,0.1705837756,28.80970432,23.54056103
134103,56.82789651,1.304836895,0.1124859393,22.60967379,19.14510686
134104,52.0424648,0,1.13085622,22.84791138,23.9787676
134201,62.28731424,0,1.615334913,18.11328882,17.98406203
134302,76.91275168,0,0.4832214765,18.81879195,3.785234899
134303,59.91883117,0,1.136363636,25.82792208,13.11688312
134304,65.40989277,0.4150812868,1.24524386,21.27291595,11.65686614
134305,45.36832819,0,0.5734450816,11.71151301,42.34671372
134306,60.23612158,0,0.8791760864,19.16603868,19.71866365
134421,74.30890185,0,0.507227999,19.50291656,5.680953589
134422,71.07576392,0,0.7534533278,23.02218501,5.14859774
134423,79.14893617,0,1.304964539,18.66666667,0.8794326241
134424,72.39020878,0,0.7199424046,23.61411087,3.275737941
134520,47.26996967,0,1.365015167,18.16649815,33.19851702
134521,45.02115656,0,0.6488011283,11.50916784,42.82087447
134522,54.38373571,0,0.6353240152,15.55273189,29.42820839
134710,48.53292392,0,1.450017059,12.96485841,37.05220061
134720,56.55543595,0,1.205597417,22.49730893,19.7416577
134800,51.45706717,0.09350163628,1.309022908,29.3750974,17.76531089
134901,66.84247539,0,1.300984529,23.34739803,8.509142053
134903,51.04917508,0.1922152811,1.505686369,18.24443377,29.00848951
134904,60.03141831,0,0.3590664273,15.55206463,24.05745063
134905,60.08660214,0,3.056546103,23.56087621,13.29597555
135102,66.13995485,0,1.128668172,22.57336343,10.15801354
135111,60.05501222,0.2139364303,3.392420538,22.09657702,14.24205379
135113,61.78756477,0,0,18.97668394,19.2357513
135114,51.06605351,0.8779264214,2.027591973,12.7090301,33.31939799
135201,76.85804861,0,0.457907714,12.96231067,9.721733005
135202,76.55709343,0,1.232698962,16.69550173,5.514705882
135203,74.28040854,0,1.100941769,19.52513596,5.093513729
137000,72.77687955,0,0.5658852061,23.22150364,3.435731609
137103,64.74420387,0,3.180685955,19.35236635,12.72274382
137104,67.03929539,0,1.693766938,24.45799458,6.808943089
137201,60.19916479,0,0.6103437199,15.61194989,23.5785416
137301,76.74914676,0,1.877133106,16.7662116,4.607508532
137302,68.55107946,0,0.4228800356,22.61295348,8.413087024
137401,78.76208007,0,1.495628164,14.86424298,4.87804878
137402,65.83651336,0,0.5623619201,26.65193814,6.949186584
137501,65.93131681,0,1.023425063,17.37548328,15.66977485
137502,76.78841582,0,3.06894316,15.9714718,4.171169224
137504,75.30612245,0,0,24.33673469,0.3571428571
138000,71.07309487,0,0.6665185514,23.61697401,4.643412575
139001,70.12432733,0,0.4639079607,19.28001485,10.13174986
139200,56.3298688,0,1.516442324,31.69194071,10.46174817
139301,64.71866174,0,0.6082989355,26.13512926,8.537910059
139302,57.61736871,0,1.05771015,21.63666729,19.68825385
139303,48.86980108,0,1.084990958,31.23869801,18.80650995
139401,52.38592825,0,2.05503309,30.51201672,15.04702194
139402,69.61021042,0,0.8623663332,23.8703001,5.657123146
139502,52.79708706,0,1.059251903,38.8613042,7.282356835
139503,47.68300873,0,1.108126259,38.59973136,12.60913365
139504,46.67810738,0.1961265016,0.1961265016,34.59181172,18.3378279
139600,68.81848974,0.8965929468,0.6176529189,26.20043833,3.466826061
139701,72.68610759,0,0.6339431262,21.98877015,4.691179134
139702,64.99582289,0.1336675021,0.7184628237,27.33500418,6.817042607
139703,61.20689655,0,1.657824934,30.83554377,6.299734748
139801,69.86386139,0.525990099,1.268564356,25.92821782,2.413366337
139802,61.04368932,0.2184466019,1.674757282,32.42718447,4.63592233
141101,77.12579782,0,0.5764875438,12.49742639,9.800288244
141102,70.09377093,0,2.176825184,18.98861353,8.740790355
141201,75.45350172,0.6199770379,0.5281285878,16.46383467,6.934557979
141202,71.55539773,1.207386364,0,19.42471591,7.8125
141302,71.93246406,0.4346372451,0,23.45369442,4.17920428
141303,70.74644908,0,0.2417648837,18.01148383,11.00030221
141304,73.07822553,0,0.9820521504,20.04740941,5.892312902
141400,78.54649969,0,1.37548758,16.44426196,3.63375077
141500,80.69877883,0,0.3731343284,16.68928087,2.23880597
141600,71.85237094,0,0.2569493109,20.15884139,7.731838356
141700,81.11888112,0,1.032301032,15.38461538,2.464202464
143100,81.36176066,0,0.8023842274,11.66895919,6.166895919
143200,81.72293364,0,0.2561117579,12.6193248,5.401629802
143300,77.60910816,0,0.671434827,11.96905561,9.750401401
143400,80.18004035,0.3259351234,0.574266646,13.84448238,5.075275493
143500,86.51798272,0.7836045811,0.8237894314,8.37854129,3.496081977
143602,82.96691095,0.1332445037,1.154785698,7.172995781,8.572063069
143603,86.0652266,0.5929690809,0,9.44515036,3.89665396
143604,73.36892052,0,1.512455516,8.540925267,16.5776987
143700,70.41435068,0.9853461344,2.198079838,15.68974229,10.71248105
143800,85.0519155,0,0.8234872897,12.20909416,1.915503043
143901,77.73757839,0.2170767004,0.506512301,16.01543657,5.523396044
143902,81.16683726,0.3411804845,0,11.87308086,6.618901399
181000,71.29201848,0,2.039190696,20.77425522,5.894535606
181300,60.99360551,0.2459419577,2.188883424,29.90654206,6.665027054
181400,58.12458435,0,1.263577921,26.00310352,14.60873421
181500,71.97956577,0.8684546616,0.7151979566,21.83908046,4.597701149
181600,69.40950757,0.1065870816,2.366233213,16.7128544,11.40481774
183101,67.65633211,0,0.4992117709,17.39358907,14.45086705
183103,63.57000664,0,0.398142004,23.73368724,12.29816412
183104,69.79537367,0,0.3113879004,22.5088968,7.384341637
183220,53.92892893,0,2.127127127,24.84984985,19.09409409
183221,65.00300661,0.4209260373,0.9921828022,13.86049308,19.72339146
183222,61.08763032,0,1.634263173,26.59904198,10.67906453
183300,59.35131858,0,2.273416187,21.09730221,17.27796302
183401,63.06001691,0,0.9298393914,22.35841082,13.65173288
183402,60.9962406,0.156641604,3.070175439,20.39473684,15.38220551
183510,65.47788873,0,2.211126961,19.54350927,12.76747504
183520,63.49614396,0,0.205655527,12.49357326,23.80462725
183610,57.01911589,0,0.6869772999,18.5483871,23.74551971
183620,63.687854,0,0.6922592826,16.99181875,18.62806797
183701,63.06803257,0.682952456,0.5253480431,14.49960599,21.22406094
183702,63.69251887,2.196293754,0.377487989,20.7618394,12.97185999
183810,54.0361308,0.4344843357,0.4116167391,16.2359936,28.88177453
183820,57.97027166,0,0.6406970784,14.30035879,27.08867248
185100,64.27218188,0.1894537417,1.499842122,15.6457215,18.39280076
185202,66.95205479,0,0.3913894325,14.38356164,18.27299413
185203,56.27958786,0,0.8632692843,18.35143414,24.50570872
185204,62.63454639,0.7688364941,3.43413634,25.01281394,8.149666838
185310,62.21821461,0,0.6311992786,18.54523595,18.60535017
185320,51.70418006,0,0.6752411576,18.26366559,29.35691318
186100,60.54938632,0.1558542763,1.052016365,26.80693552,11.43580752
186201,55.7147033,0.3215434084,0,26.65887167,17.30488161
186202,52.67509728,0,2.431906615,27.38326848,17.50972763
186203,71.66146375,0,0.3815469997,21.40131807,6.555671176
186301,60.78871433,0,0.6412311638,14.04296249,24.52709202
186302,63.4164921,0,2.056751095,18.01561607,16.51114074
186401,48.88344227,0.2723311547,0.462962963,18.57298475,31.80827887
186403,54.91024287,0.1407954945,0.8447729673,27.66631468,16.43787399
186404,51.6773733,0.1070663812,1.82012848,19.55745896,26.83797288
187101,45.14469453,0,0.9646302251,39.09967846,14.79099678
187102,56.70349358,0,1.403404001,30.30755449,11.58554792
187200,59.30720784,0.1749475157,0.4548635409,21.86843947,18.19454164
187300,77.93246445,0,1.54028436,10.51540284,10.01184834
188100,64.21509525,0.4340487099,2.17024355,17.07258259,16.1080299
188201,77.78443114,0,3.77245509,12.81437126,5.628742515
188202,68.22070145,0.4277159966,1.069289991,24.25149701,6.030795552
188300,56.90715884,0,1.621923937,27.71252796,13.75838926
189101,70.54325956,0,0.8048289738,24.18511066,4.466800805
189102,71.80196802,1.906519065,2.70602706,16.17466175,7.410824108
189201,65.76194515,0,1.243992084,20.32796155,12.66610122
189202,71.84628237,0,1.837928154,13.57560568,12.74018379
189300,65.0273224,0,3.889424622,24.78302797,6.300225008
189400,85.13011152,0,1.715756363,7.77809551,5.376036603
189500,74.05636638,0.2264720684,2.642174132,11.37393055,11.70105687
189600,81.91346412,0,2.794947595,6.960494491,8.331093792
189701,68.90260263,0,0.9927555675,13.65709686,16.44754494
189702,78.6869648,0,0,13.46336822,7.849666984
189800,74.3772242,0,0,14.41281139,11.20996441
189902,56.18920465,0.2479496471,0.2098035476,30.3452222,13.00781995
189903,70.11173184,0.3724394786,0.3724394786,16.85288641,12.29050279
189904,62.58038585,0,3.577170418,17.72508039,16.11736334
189905,52.6550647,0.93708166,2.45426149,25.92592593,18.02766622
190100,74.61072664,0,0.9299307958,11.22404844,13.23529412
190201,55.58282209,0,1.349693252,16.11451943,26.95296524
190202,69.54933009,1.218026797,0,13.06333739,16.16930572
190301,57.0500439,1.703248464,2.124670764,25.10974539,14.01229148
190401,51.60550459,0.8191349934,1.408912189,32.14285714,14.02359109
190402,52.23577236,0.6910569106,0.7723577236,23.57723577,22.72357724
190510,48.31436077,0.1532399299,0.5472854641,23.48949212,27.49562172
190520,39.86088818,0,0.481540931,28.70518994,30.95238095
190700,72.19618869,0,0.4061230865,9.090909091,18.30677913
190801,51.63147793,0.3838771593,0.8445297505,27.98464491,19.15547025
190802,45.92123769,0,0.3867791842,21.09704641,32.59493671
190901,39.16612659,0.32404407,0,22.74789371,37.76193562
190902,55.34732634,0.19990005,0,19.91504248,24.53773113
191000,60.80827068,0,0.3054511278,20.86466165,18.02161654
191110,40.25039957,0.399573788,0.9589770911,28.52956846,29.86148109
191120,47.18624912,0,0,25.78290558,27.0308453
191201,46.45833333,0.3703703704,1.134259259,27.24537037,24.79166667
191203,38.89115369,0.5707297187,3.383611904,28.21035467,28.94415002
191204,49.1810737,0,0.2729754322,26.02365787,24.52229299
191301,48.32944833,0,0.8158508159,23.23232323,27.62237762
191302,50.48364809,0,0.6909258406,24.64302165,24.18240442
191410,51.27388535,0,0.1791401274,14.62977707,33.91719745
191420,40.91551286,0.2825656965,0,25.2331167,33.56880475
191500,37.48896345,0.3178527282,0.6357054565,25.79904644,35.75843193
191610,42.94600647,0,0.8957452103,23.28937547,32.86887285
191620,41.51007858,0,0.5807994534,24.94021182,32.96891015
191710,41.08614232,0.2996254682,0,20.59925094,38.01498127
191720,42.73176083,0,0.7405375754,17.52605595,39.00164564
191810,58.33333333,0,0.6346578366,10.09933775,30.93267108
191820,66.26662342,0,1.3298735,15.82873824,16.57476484
191901,64.84203941,0,1.376290272,15.07663434,18.70503597
191902,79.0234375,0,2.0703125,12.7734375,6.1328125
192001,75.90156979,0,0,17.56470089,6.533729317
192002,79.89437948,0,0.9807619766,15.39041871,3.734439834
192300,68.94097949,0,1.339472583,22.10129761,7.618250314
192410,59.563543,0.2567394095,0.6161745828,27.57381258,11.98973042
192420,52.40936209,0,0.7801743919,17.78338687,29.02707664
192510,33.71970495,0,0.8166491043,25.26343519,40.20021075
192520,45.00298033,0,0,19.37214385,35.62487582
192610,45.82581227,0,0.5415162455,22.04422383,31.58844765
192620,36.69505056,0,0.7450771687,23.07078233,39.48908994
192700,56.79397246,0,0.571577033,21.01844635,21.61600416
194101,73.06573589,0,0.7271669575,15.73589296,10.47120419
194102,76.62037037,0,0.1736111111,18.22916667,4.976851852
194200,77.10280374,0,1.841671248,13.19406267,7.861462342
194300,76.24964699,0,2.59813612,10.47726631,10.67495058
194401,74.61287694,0,0.2444987775,14.22167889,10.9209454
194402,77.33050847,0,2.145127119,11.81144068,8.712923729
194500,71.42121524,0.2574665294,0.8753861998,19.10401648,8.341915551
195100,83.09466985,0,2.346857597,9.805091488,4.753381066
195201,78.7377451,0,1.960784314,12.34681373,6.954656863
195202,69.48540475,0,3.73156786,15.91934998,10.8636774
195300,61.29408336,2.360827747,1.165840863,22.73389682,12.44535121
195400,78.12568426,0,3.634771185,12.69980293,5.539741625
195500,71.61050157,0.4898119122,0.7836990596,14.8315047,12.28448276
195600,59.03398927,0,0.5366726297,18.33631485,22.09302326
195710,59.10780669,0.3717472119,1.333916466,13.07675487,26.10977476
195720,53.49794239,0.3657978967,0.3200731596,15.77503429,30.04115226
195802,48.20775421,0,0.950987564,27.32260424,23.51865399
195803,61.92780052,0,2.232973576,19.38965389,16.44957201
195804,56.64786463,0,0.3626107977,19.17808219,23.81144239
195901,69.64370546,0,1.425178147,13.25415677,15.67695962
195902,78.18181818,0.5194805195,5.402597403,9.194805195,6.701298701
195903,63.28227571,0.4376367615,2.056892779,21.18161926,13.04157549
197200,57.08742887,0,0.6725297465,30.52250388,11.71753751
197300,62.72586474,0,1.522973671,17.73360867,18.01755292
197410,78.73805821,0.1999555654,0.8886914019,9.997778271,10.17551655
197420,69.32282545,1.98482195,0.4086398132,19.03093987,9.252772913
197500,68.81664499,0,1.066319896,13.49804941,16.6189857
197600,61.0508033,0,2.214502822,23.0134607,13.72123317
197700,51.75014504,0.9475923419,1.508412299,29.39470122,16.3991491
199000,45.41977782,0.1821161901,1.511564378,22.19996358,30.68657804
199110,62.02143951,0,1.110260337,20.4058193,16.46248086
199120,56.89940828,0,0.4970414201,16.56804734,26.03550296
199201,52.6618705,0,0.4316546763,21.48681055,25.41966427
199202,56.10415962,0,0.9807237065,20.05410889,22.86100778
199300,62.28490832,0.2256699577,1.91819464,21.43864598,14.1325811
199400,49.64109466,0,1.52534769,23.28398385,25.5495738
199700,55.7299843,0,0.7535321821,17.14285714,26.37362637
199800,43.43079201,0,1.221317543,27.84974093,27.49814952
199900,51.13513514,0,1.261261261,16.97297297,30.63063063
201110,67.5826535,0.4293688278,0.2146844139,19.7080292,12.06526406
201120,65.15688259,0,0.5566801619,16.39676113,17.88967611
201200,64.55598456,0.3088803089,0.3474903475,16.56370656,18.22393822
201301,62.78713629,0.3062787136,0.1276161307,15.05870342,21.72026544
201302,62.55369928,0.2386634845,2.529832936,27.78042959,6.897374702
201401,59.84466835,0,0.5037783375,17.00251889,22.64903442
201402,62.42424242,0,0.8211143695,21.01661779,15.73802542
201501,63.56792717,0,1.172969188,17.26190476,17.99719888
201503,61.35542169,0,0.9638554217,17.71084337,19.96987952
201504,64.78995236,0,0,13.29579905,21.91424859
201601,66.24119718,1.408450704,1.056338028,13.99647887,17.29753521
201602,62.5946318,0,1.514108741,23.88162423,12.00963524
201700,71.4504336,0,2.873660942,16.73184833,8.944057133
203100,61.20008542,0.5551996583,0.2348921631,7.772795217,30.23702755
203200,56.60942492,0.499201278,0.2396166134,15.09584665,27.55591054
203300,65.19105312,0.3261882572,0,12.02236719,22.46039143
203500,54.77043308,0,0.6838163465,13.05763595,31.48811462
203600,55.37793566,0,0.6315373989,14.97927768,29.01124926
203710,57.84421284,0,0.630828305,12.20515634,29.31980252
203720,44.66747279,0,0.507859734,14.43772672,40.38694075
203800,60.21757679,0,0.6399317406,11.88139932,27.26109215
203900,50.54347826,0,0.2237851662,16.27237852,32.96035806
204110,56.05191669,0,0.2414729852,19.1669182,24.53969212
204120,63.00757054,0.240880936,0.240880936,12.5946318,23.91603579
204200,51.8403171,0,0.4246885617,12.11778029,35.61721404
204300,49.91694352,0,2.367109635,14.32724252,33.38870432
204410,54.61435577,0,0,12.48328132,32.90236291
204420,57.71463489,0,0.3055300947,8.768713718,33.2111213
204600,58.07618129,0,0,11.21022179,30.71359691
204700,53.44336938,0,0.5691519636,15.84139632,30.14608234
204810,55.02738654,0,1.741001565,14.51486698,28.71674491
204820,48.52734923,0,1.028517999,20.19635344,30.24777934
204910,51.64835165,0.3470213997,0.7518796992,14.08328514,33.16946212
204920,59.38303342,0,0.6977598237,17.6643408,22.25486596
205110,46.70582227,0,0.2042900919,7.53319714,45.5566905
205120,51.25437573,0,0.8751458576,17.96966161,29.9008168
206010,49.13552705,0.6413831567,0.8365867262,21.02621305,28.36029002
206020,87.90044357,0.6283883687,0.3573188763,2.821586989,8.292262198
206031,72.49930343,0.2786291446,2.814154361,14.04290889,10.36500418
206032,51.74439956,0,0.6426735219,20.5839148,27.02901212
206050,53.99082569,0,0.5963302752,20.77981651,24.63302752
206200,61.57047725,0,2.746947836,23.30743618,12.37513873
206300,86.85076811,0.5669348939,0.8046817849,5.084125823,6.693489393
207101,42.93998991,0.5799293999,2.975289965,26.65153807,26.85325265
207102,34.27905169,0,0.5441119316,38.94286825,26.23396813
207103,24.36830835,0,2.184154176,34.73233405,38.71520343
207301,70.08529651,0.2233956133,1.543460601,14.07392364,14.07392364
207302,75.22792973,0,3.157660663,6.13742495,15.47698466
207400,69.85915493,0,0,4.882629108,25.25821596
207501,54.64650956,0,2.801244998,19.6976434,22.85460205
207502,33.28616908,0,2.900601344,49.13335692,14.67987266
207710,59.09428359,1.385795595,1.014600346,21.67780252,16.82751794
207900,60.5563338,0,1.660996598,18.47108265,19.31158695
208000,59.23066859,0,0.8373675258,10.63718435,29.29477954
208301,35.77464789,0,0,9.389671362,54.83568075
208302,47.35790409,0.1554174067,1.021314387,20.0044405,31.46092362
208401,31.39750116,0,0.3470615456,20.06015733,48.19527996
208402,50.69953364,0,0.9327115256,24.01732179,24.35043304
208501,38.42592593,0.8796296296,0.7407407407,28.00925926,31.94444444
208502,50,0,0.3139717425,15.09680795,34.5892203
208610,32.53145001,0,0.8828073273,24.51997352,42.06576915
208620,40.83236994,0.2080924855,0.1849710983,25.94219653,32.83236994
208710,34.04527979,0,1.452370782,28.72703973,35.7753097
208720,43.78970427,0,0.3723986857,11.3033954,44.53450164
208801,37.62407941,0.7684918348,0.9285943004,18.79602946,41.882805
208802,43.27719098,0,0,22.43791036,34.28489866
208902,34.17677643,0,0,5.68457539,60.13864818
208903,41.28097242,0,0,3.669939224,55.04908836
208904,36.74534161,0,0.8695652174,10.40993789,51.97515528
209102,38.53926609,0,0.8863676653,9.448679312,51.12568693
209103,43.28399888,0.3071767663,0.3071767663,7.037140464,49.06450712
209104,48.43326886,0,0.6189555126,11.83752418,39.11025145
209200,52.36345824,0,4.016654421,16.72789615,26.89199118
209300,50.80076874,0,0.4697843263,10.12171685,38.60773009
209401,48.7716763,0.1204238921,0.4816955684,10.21194605,40.41425819
209402,31.61764706,0,0,5.147058824,63.23529412
209403,34.25207386,0,0.6422263848,21.75541879,43.35028097
209510,34.84901076,0.1388406803,0.867754252,17.94515793,46.19923638
209520,36.80269562,0,0,15.35005616,47.84724822
209810,46.43393393,0,0.9009009009,14.26426426,38.4009009
209820,48.26243259,0,0.3295386459,11.65368484,39.75434392
210010,40.98625707,0,0.5928321207,20.21018593,38.21072487
211000,71.06443719,0.3874388254,1.243882545,18.71941272,8.584828711
211120,35.72888283,0.204359673,0.4938692098,24.89782016,38.67506812
211121,48.53963839,1.390820584,1.668984701,25.54473806,22.85581827
211122,46.59763314,0,0,15.56213018,37.84023669
211201,43.19775596,0,0.2103786816,16.7601683,39.83169705
211202,36.28,0,1.16,19.96,42.6
211310,41.85142857,0,0.64,11.81714286,45.69142857
211320,42.84323272,0.3245699448,0.5842259007,16.61798117,39.62999026
211410,39.97785161,0,1.84569952,23.95717977,34.2192691
211420,39.71372439,0.6455234353,0.8981195622,17.8501263,40.89250631
211500,53.89148048,0,1.644979131,22.93150012,21.53204027
211701,51.09317188,0,0.5381769257,35.08240834,13.28624285
211703,35.11852502,0.6804214223,0.636523266,25.92186128,37.64266901
211704,43.07196563,0.9308986753,0.716075904,29.60973863,25.67132116
211802,35.26340769,0,1.661129568,23.61177029,39.46369245
211803,34.01486989,0,0.7169410515,23.84492831,41.42326075
211804,23.96616541,0,0.3759398496,38.28320802,37.37468672
211910,40.95860566,0,0.7625272331,13.76906318,44.50980392
211921,33.50923483,0,7.695690413,21.8117854,36.98328936
211922,34.94593056,0,1.25213432,18.86738759,44.93454752
212101,38.93105629,0,0,23.14990512,37.91903858
212102,38.47150259,1.727115717,2.80656304,27.89291883,29.10189983
212202,40.22956327,0,0.4199328108,16.04143337,43.30907055
212203,29.38041306,0,1.065956029,17.42171885,52.13191206
212204,37.03494927,0,0.4509582864,12.59864713,49.91544532
212303,39.45301135,0.2909514111,0,14.83852197,45.41751527
212304,44.74423834,0,0.2810567735,11.86059584,43.11410905
212305,41.23296159,0,0.9913258984,10.377943,47.39776952
212306,34.67715503,0,2.589314979,21.07505736,41.65847263
212410,40.73112697,0.2163097556,0.2379407311,21.09020117,37.72442137
212420,40.9039548,0,0,12.68361582,46.41242938
212501,46.7,0,1.5,15.4,36.4
212502,52.35696294,0,0.1079525009,19.43145016,28.1036344
212610,39.04007917,0,2.028698664,28.52548243,30.40573973
212620,35.60712611,0,1.148616971,20.55789967,42.68635724
212701,40.41450777,0,2.550817059,27.89956158,29.13511359
212702,57.19769674,0,0.5483959419,27.3923773,14.86153002
212800,58.38064675,0,1.061466305,23.92001975,16.63786719
212900,41.54610235,0.1727488663,0.6909954653,19.08874973,38.50140358
213100,43.08300395,0,0.2305665349,22.29907773,34.38735178
213201,33.12217195,0,0.2941176471,22.46606335,44.11764706
213202,40.13343598,0.2566076469,0.8724659995,21.06748781,37.67000257
213310,33.70786517,0,0,22.52184769,43.77028714
213320,37.82554775,0,0,22.90202563,39.27242662
213401,35.6362217,0.1366120219,1.288056206,12.29508197,50.6440281
213402,43.79287453,0,0,19.18566054,37.02146493
214000,77.91459261,0,5.134922714,13.15168981,3.798794865
214100,77.58179959,0,1.610429448,16.69222904,4.115541922
214400,82.15384615,0,1.606837607,5.230769231,11.00854701
214501,49.75524476,0.2797202797,1.118881119,13.63636364,35.20979021
214502,60.22373006,0.2384008802,1.760498808,12.15844489,25.61892536
214503,48.63013699,0,0.1997716895,16.66666667,34.50342466
214600,73.86006289,0.9433962264,1.218553459,15.76257862,8.215408805
214700,75.73333333,0,0,16.95238095,7.314285714
214800,78.83475971,0,2.863726136,11.09282423,7.208689928
214901,68.28478964,1.262135922,1.521035599,24.43365696,4.498381877
214902,65.45762712,0.6440677966,0.7457627119,22.06779661,11.08474576
215101,66.10921502,0.2730375427,3.276450512,14.57337884,15.76791809
215102,67.55700326,0,0,14.29967427,18.14332248
216100,83.15485997,0,0,13.92092257,2.924217463
216200,73.734683,0.7103534008,1.296394956,8.84389984,15.4146688
216300,75.96114933,0,0.8093889114,13.51679482,9.712666936
216401,60.59360731,0,1.621004566,25.456621,12.32876712
216402,58.66432337,0.3514938489,2.671353251,28.18980668,10.12302285
216700,78.31612391,0.5295207837,1.93275086,11.04050834,8.181096108
216800,82.80130293,0.4234527687,0.8794788274,8.957654723,6.938110749
216900,77.1752327,0,0.8700930797,13.47632537,8.478348847
217001,75,0,1.604938272,17.99382716,5.401234568
217002,71.25345987,0,0.7512850929,15.1047845,12.89047054
217100,70.02134297,0.2626826465,2.134296503,14.51321622,13.06846166
217200,69.03775883,1.412911084,0.8769792935,12.64311815,16.02923264
218110,52.72189349,0,0,23.22485207,24.05325444
218120,45.69655725,0.1801441153,0.5604483587,15.83266613,37.73018415
218210,57.16183896,1.16927983,0.1594472495,14.00478342,27.50465054
218220,60.62283737,0,0.276816609,14.23298731,24.86735871
218300,63.90622046,0,1.172244281,19.45547362,15.46606164
218400,63.53162966,0,0.4608294931,16.19187264,19.8156682
218500,66.94152924,0,0.5997001499,15.66716642,16.7916042
218600,62.0419668,0,0.5950516755,15.40870655,21.95427498
218701,70.43322912,0,0.4912907548,13.35417597,15.72130415
218702,60.7754734,0,0.4959422904,14.15689811,24.5716862
218800,58.43895931,0,0.4336224149,16.4442962,24.68312208
