Tract,Pct_Married,Pct_Widowed,Pct_Divorced,Pct_Separated,Pct_Never_Married
101110,46.9,6,11.5,1.2,34.5
101122,57.9,4,9.5,2.9,25.7
101210,43.7,4.4,8.2,4.4,39.2
101220,48,7.4,8.8,2.7,33.2
101300,51.5,6.8,10.3,0.1,31.2
101400,46,3.4,13,3.4,34.2
102103,52.9,8.3,9.4,2.3,27.2
102104,56.4,6.9,6,1.6,29.1
102105,39.5,1.9,16.7,0.2,41.7
102107,48.7,7.3,5.7,1.6,36.7
103101,57.8,5.7,10,0.8,25.6
103102,49.9,6.3,11.7,1.6,30.6
103200,45,8.9,11.7,0.9,33.6
103300,57.5,7.3,9.2,1.7,24.3
103400,51.2,7.1,8,1.1,32.5
104103,47.4,5.3,6.8,1.7,38.8
104105,42.1,3.1,6.6,4,44.2
104108,40.9,5.5,10,5.8,37.8
104124,44.6,4,10.3,0.9,40.3
104201,35.8,4.2,7,3.4,49.6
104203,45.8,4.3,6.5,2.2,41.2
104204,37.3,6.2,7,3.9,45.6
104310,43.8,2.9,4.9,3,45.4
104320,34.6,5.2,5.7,4,50.4
104401,50.1,3.1,2.3,3.9,40.6
104403,48.6,5.1,3.5,4.2,38.6
104404,41.4,2.8,4.4,2.3,49.1
104500,39.4,4.7,7.5,3.4,45.1
104610,36,6,7.5,3.3,47.3
104620,41.9,3.7,6.4,2.3,45.7
104701,39.5,2.1,2.3,4.3,51.7
104703,54.9,2.9,7.6,2.1,32.6
104704,28.9,5.7,6.7,3.7,54.9
104810,43.7,5.1,6.8,3.3,41.1
104821,39.5,3.9,4,2.6,50
104822,39,4.2,8.9,3.7,44.2
106010,44.5,5,7.8,4.4,38.4
106020,43.7,3.3,7.7,4.1,41.2
106111,53.8,3.1,9.8,1.2,32.2
106112,47.8,3.3,8.2,1.1,39.5
106113,53.2,3.4,8.1,3,32.3
106114,37.5,4.7,8.9,1.1,47.8
106403,41.4,4.7,8.9,3,42
106405,42.4,6,8.8,1.1,41.8
106406,49,5.3,8.1,1.8,35.7
106407,33.9,4.4,13.5,4.2,44
106408,34.5,2.9,8.9,8.9,44.7
106510,46.5,4.1,8.1,3,38.4
106520,38.8,6.2,7.3,3.9,43.8
106603,62.9,5.3,2.9,1.4,27.5
106604,46.4,5,7.7,2.9,38
106641,57.8,8.4,4.7,1.9,27.3
106642,57,6.5,2.3,0.6,33.6
106643,55.8,4,8.8,1.1,30.3
106645,60.7,7.3,3.6,2.6,25.8
106646,48.1,10.1,11,3,27.8
106648,40.6,3.2,7.5,4.1,44.6
106649,49,3.8,5.6,1.8,39.8
107010,40.8,4.6,7.6,2.4,44.6
107020,46.6,3.1,4.3,1,45
108101,66.3,6.2,6,1.3,20.1
108102,63.9,7.5,7.8,0.9,19.9
108103,62.9,3.8,4.5,1,27.7
108104,55.8,7.2,7.4,1.1,28.6
108201,67.9,5.9,6.5,1.1,18.5
108202,65.6,6.6,5.9,2.1,19.7
109100,42.9,11.7,5,2.4,38
109200,51.2,4.4,13,2,29.4
109300,49,7.4,4.9,2.5,36.3
109400,38.6,6.7,8.9,4.1,41.6
109500,47.8,2.7,4.8,2.4,42.3
109601,48.6,4.9,7.6,4.3,34.7
109603,32.7,7.2,6.7,6.8,46.6
109604,45.4,5.5,8.9,2.7,37.6
109700,50.2,3.7,10.4,0.7,35.1
109800,49.9,6.2,8.7,4,31.2
111100,53,3.3,7.8,2,34
111201,50.8,6.9,4.6,2.5,35.3
111202,47.2,5.6,8.3,1.7,37.2
111204,59.4,3.9,5.5,1.3,29.8
111205,46.5,4.6,4.9,2,42
111206,55.8,7.3,6,0.6,30.3
111301,49.8,5.5,9.7,2.2,32.7
111302,36.5,6.2,10,2.6,44.7
111400,46.4,5.7,8.9,2.2,36.8
113101,56.4,7.9,5.5,0.3,29.9
113102,57.3,6.8,4.6,1.2,30.2
113211,60.9,5.2,9.1,2.2,22.6
113212,45.3,6.3,13.3,0.9,34.2
113213,37.7,5.9,14.5,2,39.9
113231,57.8,5.2,8.4,2.9,25.7
113232,57.6,10.2,8.5,0,23.7
113233,35.1,4.5,11.7,3.2,45.5
113234,41.8,6,12.9,4.7,34.6
113235,52,5.3,15,2.2,25.5
113237,45,5,9.8,1.6,38.6
113301,58.3,7.8,5,1.5,27.4
113303,46,7.3,10.3,2,34.3
113321,38.2,1.5,11.1,4.1,45.1
113322,51,8.8,7.4,1.1,31.8
113401,50.7,5.9,7.3,2.2,33.9
113421,40.9,4.4,11.2,4.1,39.5
113422,42.4,3,11.8,0.7,42.1
115101,59.6,5.9,3.7,2.2,28.6
115103,4.3,0.1,0.9,0.5,94.3
115104,28.5,4.4,9,0.4,57.8
115201,29.9,3,9.3,2.3,55.6
115202,37,2.4,7.6,1.2,51.9
115301,42.1,9.5,12.6,2.7,33.1
115302,43.4,3.1,5.8,2.2,45.5
115401,47.8,1.5,6.6,2.1,42.1
115403,45.8,2.7,7,1.7,42.8
115404,36.5,5.6,10.9,3.7,43.3
117101,43.6,5.3,7.2,2.4,41.5
117102,47.8,4.4,8.4,4.4,35
117201,48.7,4.7,7.6,2.6,36.4
117202,52.7,4.5,8.8,0.3,33.6
117301,42.7,6.4,10.1,2.3,38.5
117302,51.9,8,6.5,0.2,33.4
117303,49.4,5.5,5.3,0.6,39.2
117404,38.7,8.1,8.2,3.1,41.9
117405,33.3,2.1,6.1,2.6,55.9
117407,44.9,0.2,3.7,4.5,46.7
117408,32.1,2.4,8.4,3.9,53.3
117510,44.5,2.7,4.6,4.7,43.6
117520,36,3,7.8,4.2,49
117530,34.6,2.3,7.8,5.8,49.5
119001,51.3,4.5,4,0.5,39.6
119002,47.3,4.2,4.4,1.9,42.2
119201,48.2,4.7,5,1.9,40.2
119202,42.2,3.3,7.9,4.2,42.4
119310,41.5,6.4,7.3,2.7,42.1
119320,47.1,3,6.1,4.3,39.5
119340,45.4,2.8,3.5,2.7,45.6
119341,40.5,6.1,7.9,2.9,42.6
119342,46.1,2.2,5.3,3.8,42.7
119400,41.2,6.3,6.6,3.4,42.5
119700,54.2,6.9,5.2,2,31.8
119800,41.9,5.2,5,2.4,45.6
119900,47.7,5.4,8.5,1.6,36.8
120010,47.1,3.3,8.7,2.1,38.6
120020,48.4,4.9,1.8,2.7,42.2
120030,40.3,3.2,5.8,4.8,45.9
120103,38.6,2.5,6,1.5,51.4
120104,37.9,4.7,6.5,3.6,47.3
120105,46.6,6.4,5.4,1.5,40.1
120106,40.1,1.5,4.2,2.4,51.7
120107,37,2,5.7,3.1,52.3
120108,32.6,5.3,9,5.3,47.8
120300,45.9,6.3,6.4,4.7,36.7
120400,42,6.2,7.2,3.7,41
121010,42.6,7.9,7,1.3,41.3
121020,46.1,3.3,6.7,1.7,42.3
121101,41.1,3.2,11.2,1.1,43.3
121102,41.8,5.8,13.7,2.9,35.8
121210,38.4,6.7,8.5,2.3,44.2
121221,47.2,5.7,6.6,2,38.5
121222,39.3,3.9,8.1,3.3,45.3
121600,48.5,6,5.7,3.2,36.6
121801,38,3.5,9.1,5.4,44
121802,38.2,4,8.9,2.3,46.6
121900,36.4,6.5,7.2,4.4,45.5
122000,40.5,8.5,8.1,1.2,41.7
122120,42.1,3.6,7.9,0.9,45.5
122121,41,6.2,6.9,2.6,43.2
122122,39.4,4.9,4.1,2.4,49.2
122200,45.1,2.9,3.6,2.6,45.8
122410,34,3.9,8.8,2.6,50.6
122420,43,0.7,8.2,2.3,45.7
123010,41.5,3.8,5.5,4.1,45.1
123020,38.4,4.5,4.2,4,48.8
123103,38.5,8.8,8.3,5.3,39.1
123104,39.1,6.9,9.6,3.1,41.3
123203,39.1,1.1,6,2.9,50.9
123204,42.6,2.2,6.9,3.3,45
123205,42.7,1.5,5.7,6.6,43.5
123206,38.3,3.1,7.9,6,44.7
123301,40.4,6.3,8.8,0.2,44.3
123303,43,6.4,9.7,0.9,40
123304,43,8.2,8.2,1.7,38.9
123410,41.8,3.5,9,3,42.7
123420,45.2,4.2,2.6,3.6,44.5
123510,39,7.5,8.3,3.3,41.8
123520,45.3,4.3,7.7,2.6,40.1
123601,44.8,5.7,9.8,1.1,38.6
123602,45,5.9,11.3,1.2,36.6
123700,42.9,5.1,7.8,2.1,42
123800,37.9,1.4,12.6,3.3,44.9
123901,46.5,3.4,8.5,0.7,40.9
123902,37.8,4.4,14.4,5.1,38.3
124000,43.9,8.2,14.5,2.7,30.7
124102,33.9,2.4,8.5,2.2,53
124103,48.5,4.7,6,1.8,39
124104,33,2.6,6.2,3.1,55.1
124105,45.6,2.6,2.9,1.4,47.6
124201,55.9,6.3,6.6,0,31.2
124203,37.6,2.3,11.2,2.2,46.6
124204,33.8,1.1,6.2,3.1,55.7
124300,31.7,6.7,8.5,7.7,45.4
124400,44.8,3.3,8.5,1.5,41.8
124500,40.6,5.3,16.8,1.3,36
124600,36.5,3.9,18.9,4.9,35.8
124700,44.7,4.1,9.1,2.3,39.7
124902,25.3,6.6,15.7,2.7,49.7
124903,29.4,4.4,13.4,3.7,49.1
125100,31.8,4.8,13.3,3.8,46.4
125200,40.8,2.3,9.3,4.3,43.2
125310,26.3,2.5,11.1,5,55.1
125320,28.1,1.8,8.5,4.7,56.9
125401,27.3,1.8,9.9,0,61
125402,34.6,1.1,8.8,1.5,54.1
125501,35.9,4.3,8.7,2.5,48.6
125502,27.1,4.8,11.3,1.7,55.1
125600,40.7,4.7,16.4,0.9,37.3
127102,34.1,3.9,9.6,4.2,48.1
127103,39.4,2.8,6.4,2.3,49.2
127104,36.7,4,7.3,1,51.1
127210,41.6,4.8,6.7,4.2,42.7
127220,36.5,6.6,10.1,5.5,41.3
127300,40.2,4.2,7.5,2.6,45.6
127400,44.7,1.6,6.7,2.7,44.3
127520,35.3,4,5.2,4.8,50.7
127603,38.8,3.8,3.9,4.6,48.9
127604,43.1,4.3,10.9,4.2,37.6
127605,41.8,0.8,5.5,4.1,47.8
127606,36,5.4,12.5,3.1,42.9
127711,43,2,8.8,4.9,41.4
127712,44.8,4.1,9.2,2.7,39.2
127803,39.2,6.3,7.4,6,41
127804,38,3.6,9.2,3.8,45.4
127805,38,3.9,6.9,2.5,48.6
127806,31.4,6.2,10.3,1.1,51.1
127910,40,2.7,8.4,3.6,45.2
127920,48.6,2.5,5.8,2.7,40.4
128101,43.8,2.6,9.3,3.6,40.7
128102,40,2.8,6.3,2.9,48
128210,34.1,3,4.3,4.5,54.1
128220,37.7,3.8,8.6,2.9,46.9
128302,31.5,3.4,6.7,4.9,53.4
128303,36.9,3.4,8.7,4.2,46.8
128400,40.3,3.2,13.2,2.1,41.2
128500,39.2,4.5,16.7,2,37.7
128601,37.6,4.8,5.3,4.8,47.5
128602,42.4,4,12.1,2.6,38.9
128702,38.3,4,16.8,2.7,38.2
128801,33.8,7.9,13.8,2,42.5
128802,36.6,9.1,8.5,4.7,41.2
128910,45.9,2.6,14.4,1.9,35.2
131010,45,2,5.8,4.3,42.9
131020,37.5,3.3,9.5,1.7,47.9
131100,43.2,5.4,12.1,2.2,37.1
131200,50.5,3.6,6.5,1.6,37.8
131300,48.2,5.1,6.3,1.5,39
131400,41,6.2,10.7,4.8,37.3
131600,40.6,6.5,5.8,1.9,45.2
131701,34.8,4.1,11.2,4.6,45.3
131702,43.8,2.4,13.8,1.4,38.6
131800,43.3,6.4,10.3,2.5,37.4
131900,52,4.3,7.8,2.2,33.7
132001,49.9,5.3,11.8,3.3,29.7
132002,39.7,8.5,11.1,0.9,39.8
132101,40.3,7.3,11.5,0.7,40.2
132102,38.6,4.9,11.6,2.6,42.3
132300,46.8,5,7.3,2.5,38.4
132501,33.6,11.2,13.7,2.7,38.7
132502,33.1,6,13,1.2,46.7
132700,44.7,6.5,7.4,4.6,36.7
132900,51.2,7.9,8.2,2.1,30.6
133000,50.4,9.5,6.6,4.4,29.2
133100,42,10.5,9.9,1.3,36.2
134001,43.2,2.5,4.7,1.8,47.8
134002,37.9,4.2,12.8,2.5,42.6
134101,49.4,3.3,8.1,0.6,38.5
134103,46.9,4,9.6,7.3,32.2
134104,47,3.9,6.7,2.4,40
134201,46.6,5.5,6.3,2,39.5
134302,53.1,5.9,9,0.9,31.1
134303,44,6,10.5,2.3,37.3
134304,48.2,7.6,10.6,1.3,32.3
134305,42,3.1,7.9,5.1,41.9
134306,36.9,6.5,9.6,5.7,41.3
134421,60.9,6.2,7.1,0.4,25.4
134422,47.4,6.6,14.6,3.4,28.1
134423,55.3,8.8,8.2,0,27.8
134424,69.4,2.8,3.3,0.7,23.8
134520,37.3,5.9,5.7,4.3,46.9
134521,37.6,2.8,3.5,3.5,52.5
134522,37.2,2,8.3,1.1,51.3
134710,41.5,3.4,8.3,1.4,45.4
134720,42.3,4.6,7.8,4.6,40.7
134800,46.1,3.3,7.3,2.8,40.5
134901,46.1,7.2,15.2,0.9,30.6
134903,39,2,5.7,1.2,52.1
134904,35.7,3.5,11.5,3.4,45.8
134905,39.9,2.8,11.5,2.7,43.2
135102,51.6,6,10.4,1.4,30.6
135111,50.1,6.1,10,0.4,33.4
135113,47.1,7.4,14.1,1.8,29.5
135114,39.8,4,12.8,0.9,42.5
135201,41.7,5.5,16.8,4.2,31.7
135202,46.7,7.6,12.1,1.8,31.8
135203,59.3,6,9.1,0.6,25.1
137000,54.6,9,9,0.7,26.7
137103,40.2,6,18.1,2.8,33
137104,48.9,5.2,9.3,5,31.7
137201,55.2,4.6,11.9,1.7,26.6
137301,60,4.7,8.1,2.4,24.7
137302,56,7.7,8.3,0.1,27.8
137401,54.8,4.7,12.3,3.3,24.9
137402,53.4,14.2,12.1,1.8,18.5
137501,50.1,5.1,6.3,1.1,37.4
137502,49.3,6.3,17.2,1.2,26.1
137504,59.4,5.6,8.4,0.4,26.2
138000,59.6,5.2,12.5,0.8,21.9
139001,55.2,6,8.9,1.9,28
139200,40.8,4.7,15.5,1.6,37.3
139301,50.8,4.3,8.8,2.8,33.3
139302,32.8,2.9,11.9,6.9,45.5
139303,27.3,4.1,17.2,5.4,45.9
139401,38.3,7.8,17.3,4.4,32.2
139402,65.9,5.4,7,1.3,20.3
139502,55.7,9.3,7.9,0.8,26.2
139503,38.6,6.2,15.2,2.2,37.7
139504,36,8.3,13.9,3.9,37.9
139600,54.1,6.2,11.8,3,24.8
139701,59.6,8.9,3.7,1.4,26.4
139702,68.6,6.4,5.9,1.6,17.4
139703,67.1,3.7,4.3,1.7,23.2
139801,65.8,8.8,8.4,0.4,16.7
139802,62.9,6.4,5.9,0.3,24.5
141101,40.2,4.3,9.3,0.4,45.9
141102,46.2,5.2,14.1,1.4,33.1
141201,42.6,1.2,9.6,1.4,45.2
141202,43.5,4,18.9,3.6,30.1
141302,47.8,1.9,10.1,1.3,38.8
141303,36,4.4,12.6,2.3,44.7
141304,40.1,7,12.7,0.6,39.5
141400,49.1,9.6,9.4,1.6,30.4
141500,62,6.4,7.3,1.2,23
141600,56.9,6.3,12.1,2.8,21.9
141700,61.9,6.2,4.1,1.2,26.6
143100,39.1,4.7,10.9,1,44.2
143200,31.2,1.4,12.1,2,53.3
143300,40.4,5.1,11.5,1.7,41.3
143400,40.8,4.8,15.4,1.6,37.3
143500,38.1,5.7,16,2.4,37.8
143602,38.5,5.4,14.7,0.7,40.5
143603,33.2,0.7,13.8,1.1,51.2
143604,28.2,1.9,9,1.8,59.1
143700,48.8,2.8,8.7,1.1,38.7
143800,48.1,2.9,9.1,1.9,38
143901,58.2,4,9,1.7,27.1
143902,45.8,6.9,10.1,1.2,36
181000,50,8.8,7.6,0.9,32.7
181300,54.1,5.7,8.2,1.3,30.7
181400,38.8,9.5,10.3,2.6,38.8
181500,45.6,10.5,6.6,2.6,34.8
181600,26.7,4.2,5.4,1.8,61.8
183101,38.4,4.1,8,2.7,46.7
183103,37.4,2.6,11.2,0.9,47.9
183104,37.4,5.5,10.6,0.9,45.6
183220,42.6,3.6,8.1,1.1,44.6
183221,36,4.8,11.3,2.6,45.4
183222,44,4.8,10.1,2.9,38.2
183300,41.5,5.6,5.5,2.4,45
183401,35.4,7.2,5.8,2.5,49
183402,33.3,6.1,4.2,3.3,53.2
183510,47.1,3.5,6.3,2,41.2
183520,28.2,4.1,8.9,3.1,55.7
183610,29.5,5.3,8.4,4.2,52.5
183620,44.2,2.2,8.9,1.9,42.8
183701,27.9,5.8,9.6,3.1,53.6
183702,45.1,5.1,7.3,1.8,40.6
183810,37.3,0.7,4.3,5.2,52.6
183820,42,3.4,7,2.1,45.6
185100,51.1,3.8,6.1,2.1,36.8
185202,34.4,2.3,7.3,5,51
185203,36.4,2.7,7.6,4.2,49.2
185204,42.1,9.7,8.7,3.1,36.3
185310,43.2,3,5.4,2.5,45.9
185320,36.5,4.8,5.8,3.3,49.7
186100,48.4,4.3,9.4,2,35.9
186201,36.8,9.8,7.4,2.6,43.3
186202,46.4,5.9,6.6,1.3,39.7
186203,43,5.4,7.2,1.7,42.6
186301,25.1,3.9,9.1,3.6,58.3
186302,42.5,6.1,8.2,1.9,41.4
186401,33,3.1,7.1,7.6,49.2
186403,42.7,6,8.9,2.6,39.8
186404,38.8,6.1,6.2,3.4,45.5
187101,35.4,10.1,6.7,3.6,44.3
187102,44.8,5,9.1,0.6,40.4
187200,40.2,5.8,7.2,1.6,45.2
187300,36.8,2.4,9.3,2.5,49
188100,35.4,5.4,9.1,2.7,47.3
188201,28.6,1.7,9.2,0.9,59.5
188202,43.6,6.9,4.8,0.7,44
188300,52.4,5.8,8.4,2,31.4
189101,25.2,9,11.2,0.4,54.3
189102,31.3,2.6,9.9,1.1,55
189201,22.3,4.8,6.4,2.1,64.4
189202,44.7,6.7,4.8,1,42.9
189300,55.3,7.5,9.4,0.4,27.5
189400,37.5,2.6,10.1,0.9,48.9
189500,27.6,2,8.4,0.3,61.7
189600,25.1,1.2,9.9,2.2,61.6
189701,42.9,3.9,14.4,0,38.8
189702,31.4,5.2,9.4,1.5,52.5
189800,23.9,3.6,11,0.4,61.1
189902,25.9,5.5,11.8,1.4,55.4
189903,24.6,2,13.7,0.5,59.1
189904,28.9,0.3,7.1,2.9,60.8
189905,30.1,6.4,10.4,3.2,49.9
190100,18,4,9.1,3.2,65.6
190201,18.6,9.9,2.9,3.7,64.9
190202,14.3,3.6,9.4,0.9,71.8
190301,22.9,5.4,10.7,2.7,58.2
190401,26.1,8.5,8.4,1.4,55.7
190402,29.5,5,11,3.5,51
190510,34.3,5.3,3.9,3.9,52.7
190520,38.3,4.1,8.1,4.9,44.7
190700,21.4,4.2,9.1,2.6,62.8
190801,24.3,4.8,8.3,1.4,61.2
190802,31.8,3.8,9.6,3.3,51.5
190901,30.7,5.5,8.5,3.3,52.1
190902,26.4,2,12.5,3.9,55.2
191000,23.4,3,11.5,0.3,61.9
191110,36.9,9.3,14.1,4.1,35.5
191120,40.7,5.3,6.3,1.3,46.4
191201,36.9,7.3,10.2,3.9,41.8
191203,30.8,3.6,6.8,4.4,54.4
191204,39.2,2.7,7.4,4.6,46
191301,31.8,5.1,5.1,1.9,56.2
191302,27.4,2.6,9.4,1.9,58.7
191410,29.1,3.8,7.5,2.1,57.5
191420,30.6,2.5,7.7,4.3,54.8
191500,37.2,7.2,6.7,3.2,45.6
191610,27.5,4.1,7.8,2.3,58.4
191620,26.4,8.7,9.2,3.5,52.2
191710,39.9,3.9,4,2.2,50
191720,33.6,3.9,5.8,3.7,53
191810,31.6,1.6,4.4,1.2,61.2
191820,26.8,2.6,7.8,0.8,62
191901,19.6,4.1,9.5,2.3,64.4
191902,37.8,5,7.5,1.4,48.3
192001,31.5,3.1,14.4,3.7,47.2
192002,28.8,2.4,12.1,3.9,52.8
192300,40.1,2.9,12.1,0.7,44.1
192410,40.1,5.4,6.7,1.1,46.7
192420,39.1,1.3,6,1.4,52.2
192510,44.4,6.5,7.4,3.1,38.6
192520,36.3,2.6,5.5,3.7,52.1
192610,31.3,1.4,8.5,2.7,56.2
192620,43.2,1.3,9.8,1.5,44.1
192700,21.3,3.7,5.9,4.4,64.7
194101,35.5,2.6,9.9,1.5,50.5
194102,52.2,3.9,11.5,0.6,31.9
194200,49.4,4.4,8.6,2.2,35.5
194300,38.5,5,14.2,3.2,39.2
194401,35.3,3.8,4.9,2.1,53.9
194402,31.6,1.5,5.5,0,61.5
194500,38.1,5.3,10,2.6,44
195100,48.1,4.1,5.9,1.9,39.9
195201,30.4,3.2,8.5,0.8,57
195202,50.6,2.5,6.5,1.2,39.2
195300,31.8,5.1,11.2,2.9,49
195400,29.2,3.1,9.1,1.1,57.5
195500,33.7,5.4,10.3,1.3,49.2
195600,37.7,3.1,7.1,4.3,48
195710,26.1,3.8,8.4,4.3,57.4
195720,25.7,4.4,4.9,5.3,59.6
195802,37,5.6,5.9,1.7,49.9
195803,27.5,3.4,7.3,1.4,60.3
195804,25.3,3.4,8.8,3.6,58.9
195901,25.6,7.1,7,0.7,59.6
195902,32.2,2.5,5.4,1.5,58.3
195903,27.8,1.8,8,3.2,59.2
197200,38.2,8.1,5.4,5.1,43.2
197300,32.2,4.1,5.5,1.8,56.4
197410,38.8,4.2,7.7,1.3,48
197420,35.3,3,3.3,4.4,53.9
197500,31.8,2,8.2,3.1,54.9
197600,26.5,4.8,7.7,2.9,58.1
197700,35.2,3.6,5.8,1.2,54.2
199000,44.2,4.1,5.9,3,42.7
199110,33,7.5,8.1,2.4,49.1
199120,36.2,7.6,5.4,3.4,47.4
199201,34.5,5.5,7.4,2.6,50
199202,38.7,6.4,7.5,2.6,44.8
199300,34.6,4.4,7.6,2,51.3
199400,33.3,3.9,6.2,3.2,53.4
199700,33.7,7.1,5.5,1.9,51.7
199800,44.2,10.7,5.6,0.7,38.7
199900,33,7.4,10,5.3,44.3
201110,36.5,7.1,8.6,2.5,45.3
201120,33,5.3,14,3.4,44.3
201200,47,6.5,8.9,2.4,35.3
201301,35.2,3.3,10.7,2.4,48.3
201302,41.1,5.8,14.4,0.6,38.1
201401,37.9,4.3,7.1,5.7,45
201402,38.2,9.1,6.3,5.7,40.6
201501,38,5.6,8.7,4.3,43.4
201503,33.3,4.2,6.4,4.7,51.4
201504,44.8,5.8,6.2,1.9,41.4
201601,41.1,7.9,8,1.7,41.3
201602,36.3,7.5,5.6,4.3,46.4
201700,24.4,4.2,7,0.8,63.6
203100,26.9,4.3,6.2,5.3,57.3
203200,38.5,3.1,7.3,3.8,47.3
203300,20.4,2.8,2,0.4,74.4
203500,27.6,5,11.2,4.9,51.3
203600,34.9,5.4,6.3,3.6,49.8
203710,33.8,4.1,6.5,5.2,50.4
203720,39.8,3.4,4.6,3,49.2
203800,43.6,5.2,6.1,3.3,41.8
203900,36.9,6.7,4,5,47.4
204110,38.2,4.1,8,1.7,47.9
204120,39.2,3,7.3,4.9,45.5
204200,32.5,3.1,8.7,3.3,52.4
204300,33.9,6.4,4.2,3.5,52
204410,31,6.3,5.8,6.4,50.4
204420,23.5,4.3,6.7,6.9,58.6
204600,30.9,4.2,9.7,4.3,50.9
204700,42.1,4.5,5.5,2.6,45.2
204810,36.1,3.8,5.8,2,52.4
204820,38.8,4.5,5.4,2.6,48.7
204910,40.7,5.3,2.2,4.2,47.7
204920,41.9,5.4,4.6,0.7,47.4
205110,35.8,3.1,5.7,5.6,49.8
205120,33.9,6.1,5.5,3.7,50.8
206010,38.8,5.1,5.7,3.3,47.1
206020,10.3,0.7,9.4,4.9,74.7
206031,31.8,0.9,10.2,0.8,56.3
206032,33.5,10.1,6.9,2.2,47.3
206050,27.1,11.8,9,5.8,46.4
206200,14.2,11.5,15.9,7.1,51.3
206300,3.2,4,14.1,5.2,73.5
207101,38.7,7.2,4.7,5.6,43.8
207102,49.3,10.9,6,1.8,32
207103,49.8,12.9,3.3,3.7,30.3
207301,21.4,1.7,16.8,1.1,59
207302,19.7,2.3,7.8,6,64.3
207400,24.9,2.1,17.6,5.5,49.9
207501,30.7,2.2,8.2,0.6,58.3
207502,34.9,21.4,8.2,2.4,33.1
207710,27.3,5.4,8.8,2,56.3
207900,31.8,2.5,6.2,1.2,58.3
208000,23,3.1,4.9,3.6,65.5
208301,26.5,1.7,7,3.1,61.6
208302,27.4,3.3,7.7,4,57.5
208401,40.7,5.1,2.8,3.3,48.2
208402,32.7,4.1,4.4,2.9,55.8
208501,33.6,5.1,9.9,6.8,44.5
208502,31.4,4,7.1,5.4,52.1
208610,39.5,4.7,6.7,1.9,47.2
208620,34.3,7.5,7.8,4.2,46.2
208710,38.4,5.7,9.7,1.9,44.3
208720,24,1.4,6.3,2.7,65.7
208801,24.1,5.4,4.4,1.9,64.1
208802,33,7.8,6.9,1.1,51.2
208902,31.7,2.1,2.3,5.2,58.8
208903,19.1,3.1,4.8,2.8,70.1
208904,30.4,4.1,4.4,4.1,57.1
209102,27.1,4.8,8.8,3.9,55.4
209103,25.2,1.7,5.1,3.4,64.6
209104,30,1.5,5.1,5.4,58.1
209200,31.8,2.4,10.1,0.6,55.1
209300,28.9,1,4.2,4.5,61.4
209401,27.8,8.2,8.1,3.2,52.8
209402,19,3.5,4.3,2,71.2
209403,21.6,6.5,8.2,3.3,60.4
209510,32.2,6.1,9.7,4.6,47.4
209520,26.4,0.4,7.2,2.3,63.7
209810,22.9,8.9,6.9,5.6,55.7
209820,34.1,2.1,5,4.2,54.6
210010,38.8,4.7,4.7,5.8,46
211000,51.9,6.8,6.2,0.3,34.8
211120,40.2,3.7,8.4,3.5,44.1
211121,39.5,4.8,6,2.3,47.3
211122,38.2,6.6,11.8,2.2,41.2
211201,24.8,1.4,7.3,4.1,62.4
211202,37.9,3.9,6,2.8,49.5
211310,37.1,1,5.6,3.7,52.7
211320,26.9,2.8,4.2,1.2,64.8
211410,35.8,3.6,12.9,4.5,43.2
211420,35,3.3,7.2,4.2,50.3
211500,50,6.4,8.7,0,34.9
211701,57.9,3.2,6.6,0.8,31.5
211703,34.6,3.4,8.3,3.8,49.8
211704,34.1,9,10.1,3.4,43.4
211802,41.5,2.1,7.8,3.1,45.5
211803,49.4,3.2,6.8,1.1,39.6
211804,39.6,4.3,8.5,3.6,44
211910,27.8,1.2,7.1,5.3,58.7
211921,44.5,1.8,4.6,2.3,46.8
211922,37.1,2.5,5.1,3,52.3
212101,27.8,4.1,5.5,3.8,58.7
212102,29.6,8.7,8.4,2.7,50.7
212202,27.4,4.5,3.4,1.8,62.9
212203,23.1,6.1,10.9,2.2,57.8
212204,34.6,1.6,4.4,3.2,56.2
212303,28.2,0.3,7.3,3.7,60.5
212304,22.7,5.2,6.6,4,61.5
212305,29.1,3.4,7.7,4.6,55.2
212306,40.5,5.3,9.2,3.2,41.8
212410,29.6,4.5,12.4,3.4,50.1
212420,37.9,2.1,7.2,2.5,50.3
212501,24.5,1.2,7.4,2,64.9
212502,34.8,1.6,6.6,3,54
212610,46.7,4.5,5.1,1.5,42.1
212620,39.2,3,12.3,3.2,42.3
212701,39.5,10.2,8,4.2,38.2
212702,42.8,7.2,10.4,1.2,38.5
212800,42.2,3,6.4,2.7,45.7
212900,43.3,2.3,4.6,4.1,45.8
213100,43.4,4.3,6.4,0.5,45.5
213201,46.7,4.7,7.9,3,37.7
213202,38,5.4,8.4,2.5,45.7
213310,32.4,7.4,12.8,3.9,43.6
213320,34.1,5.6,6.4,3.6,50.2
213401,32.4,2.7,7.4,4.4,53.1
213402,34.7,4.6,8.1,4.9,47.7
214000,57.6,9.5,5,0.7,27.1
214100,51.7,5.5,8.7,4.9,29.3
214400,37.5,0.6,6.1,0,55.7
214501,37.7,4.2,7,1.6,49.5
214502,40.8,2.8,5.5,0.9,49.9
214503,48.5,3,10.9,1.3,36.3
214600,35.9,6.6,9.9,1.6,46
214700,31.2,5.8,10.9,1.8,50.2
214800,34.9,4.2,7.7,0.7,52.5
214901,25.5,5.9,14.1,0.9,53.6
214902,29.8,4.9,10.6,1.2,53.5
215101,24.2,1,9.3,1.5,64
215102,21.8,1.8,4.7,1.9,69.7
216100,34.3,5.7,12.4,1.4,46.2
216200,27.3,1,11.9,3.6,56.2
216300,41.1,3,12,0.3,43.5
216401,33.2,8,5.3,1.2,52.2
216402,38.4,11,12.2,1.1,37.4
216700,29.9,5.4,9.2,0.9,54.5
216800,45.8,2.2,8.8,0.8,42.4
216900,37.3,5.6,12,2.6,42.6
217001,49.3,5.1,7.4,1.7,36.5
217002,35.1,4.6,11.7,2.8,45.7
217100,44.2,5.3,7.6,3.6,39.4
217200,35.3,4.2,12.5,2.1,45.9
218110,31.1,4.4,9,3.9,51.6
218120,35,3.2,8.8,2.9,50
218210,37.1,2.7,8.5,3.4,48.3
218220,38.8,4.3,7.1,4.9,44.9
218300,35.1,6.3,11.4,4.3,42.8
218400,45.5,2.9,4,4,43.6
218500,35.5,6.5,10.3,4.3,43.4
218600,37.7,3.7,10.2,3.8,44.5
218701,33.1,5.4,14.6,1.8,45.1
218702,32.7,3.4,9.3,9.3,45.4
218800,34.4,5.1,7.4,4.2,48.9
218900,27.5,3.4,8.4,3.7,57
219010,41.8,6.1,5.4,2,44.7
219020,40.7,3.6,10.1,1.7,43.9
219300,36.9,1.5,10.7,1.9,49
219500,39.4,12.7,14.5,2.6,30.9
219700,34,4.6,10.3,4.9,46.1
219800,40,5.4,6.2,4.2,44.2
219901,40,3.1,7.2,5.6,44.1
219902,43.3,2.5,6.4,2.3,45.5
220000,30.2,4.9,10.3,5.6,49.1
220100,31.5,10.9,13.6,0.5,43.5
221110,24.5,2,4.3,4.6,64.6
221120,26.6,4.4,5.5,6.2,57.2
221210,38.5,4.6,7.5,5.2,44.3
221220,32.3,4,9.8,4.2,49.7
221302,30.8,2.7,5.1,5.3,56.1
221303,26.8,4.9,8.2,4.5,55.6
221304,37,4.4,14.9,4.3,39.4
221401,22.4,10.7,13.1,5.2,48.6
221402,28,8.2,7.6,3.7,52.5
221500,24.8,5.5,9.5,5.3,55
221601,41.3,3.8,7.9,5.8,41.1
221602,34,5.6,4,3.9,52.5
221710,36,6.4,7.5,1.6,48.5
221810,18.3,3,3.9,2.1,72.6
221820,12.3,0.7,2.1,0.3,84.6
221900,11.3,4.1,2.6,0.8,81.2
222001,35.4,4.5,8.2,4.2,47.7
222002,34.8,5,13,0.4,46.8
222100,36.1,3.6,6.9,5.9,47.6
222200,31,3.7,9.4,1,54.9
222500,40.5,2.1,4.3,3.7,49.4
222600,22.8,2.9,4.8,2,67.5
222700,0.2,0,0,0.1,99.7
224010,21.1,6.9,12.3,3.7,55.9
224020,20.4,2.9,6.4,4.3,66
224200,31.1,2.9,2.9,3.8,59.3
224310,28,5.7,6,5.8,54.5
224320,23.7,5,3,4.5,63.7
224410,25.4,2.4,2.4,2.6,67.2
224420,24.8,4.3,3.8,3.5,63.6
224600,29.2,2.2,6.6,4.8,57.1
224700,2.6,0,0.5,0,96.9
226001,38.1,2.1,9.1,2.8,47.9
226002,15.7,1.5,6.7,4.4,71.7
226410,32.1,2.3,3.4,3.3,58.9
226420,39.1,2.4,4.2,3.1,51.2
226700,30.2,1.8,1.3,3.5,63.1
227010,36.2,1.9,2.3,3.1,56.5
227020,36.5,2.2,5.4,2.5,53.4
228100,39.1,1.6,2.5,1.7,55
228210,34.8,3,6,2.8,53.4
228220,32.3,1.3,3.4,3.8,59.2
228310,32.8,3,3.6,4.7,55.9
228320,32.6,2.8,5.3,2.6,56.7
228410,36.7,1.1,3.4,5,53.9
228420,36.1,1.8,3,3.6,55.6
228500,29.3,2.6,5.1,5.1,58
228600,39.7,1.8,4.3,1.6,52.7
228710,29.3,3.4,1.4,3,62.8
228720,31.7,2.2,3.4,3.2,59.5
228800,32.9,5.4,4.6,3.2,53.8
228900,25.7,2.9,5.7,7.4,58.3
229100,35.3,2.3,5.2,3.2,53.9
229200,39,4.7,4.2,3.1,49.1
229300,27.6,1,7.1,1.7,62.5
229410,27.4,2.8,3.8,9.3,56.7
229420,30.7,2.5,6.7,2.2,57.9
231100,19.4,3.6,6.4,8,62.6
231210,34.4,3.3,8.5,5.8,47.9
231220,29.4,4,7.9,4.9,53.9
231300,25.7,3.2,13.5,3.2,54.3
231400,35.6,5.1,13.6,2.7,43
231500,33.3,6.8,10.8,1.8,47.2
231600,31.5,3.2,7.2,2.1,56
231710,24.5,3.7,7.4,3.8,60.7
231720,25.7,3.9,7.2,1.9,61.3
231800,30.9,5.5,4.6,3.5,55.5
231900,33.1,4.2,9.4,6.3,47.1
232110,33.2,3.3,6.4,1.9,55.2
232120,37,4,4.4,4.3,50.2
232200,32.4,5,7.3,5,50.4
232300,25.1,5.6,7.2,3.2,59
232400,34.3,3.7,5.7,3,53.3
232500,33.1,3.9,6.5,2.8,53.8
232600,32.2,7.4,5.7,3.2,51.4
232700,33.1,2.7,5.7,4.9,53.7
232800,30.5,2.5,6.5,4.6,55.9
234000,41.6,6,13.9,1.9,36.6
234200,39.1,9.3,12,3.1,36.5
234300,25.3,4.7,20.5,2.4,47.1
234501,33.7,9.4,6.8,5.3,44.8
234502,22.1,9.8,11.5,5.6,51
234600,34.6,4.1,8.6,2.6,50
234700,31.7,8.2,7.5,4.1,48.5
234800,33.6,8.4,6.3,2.8,48.8
234901,28.4,5,7.9,4.5,54.2
234902,24.1,5.7,9.4,3.6,57.2
235100,36.1,5.3,9.5,1.7,47.5
235201,27.1,5.7,8.3,3.2,55.8
235202,28.2,5.5,10.5,1,54.9
236000,33.2,5.6,14.4,4.3,42.5
236100,21.1,5.8,15.6,3.7,53.8
236202,33.3,4.5,11.3,1.8,49.1
236203,27.7,5.6,12.1,5.8,48.8
236204,20.7,3.8,10.4,8.3,56.9
236400,35.6,6.1,12.2,3.2,42.8
237101,32.5,4.9,7.2,3.7,51.7
237102,32.5,5.3,7.5,3,51.8
237201,38.8,4,7.7,2.6,47
237202,39.6,4.5,8.2,2.3,45.4
237300,31.8,4.8,9.9,3.3,50.2
237401,31.1,5.5,6.8,1.6,55.1
237402,29.9,9.7,7,4.9,48.5
237500,26.7,2.5,8.4,9.6,52.8
237600,36.5,3.6,6.6,5.3,48
237710,38,2.7,6.2,3.2,49.9
237720,25.6,3.7,7,4.5,59.2
237800,34.3,7.2,5.5,5.3,47.7
237900,30.2,5.3,11.8,2.2,50.5
238000,29.2,10.8,10.7,2.6,46.6
238100,20.9,6.1,14.5,5.7,52.8
238200,32.1,6,16.3,2.1,43.5
238310,24.7,5.1,6,2,62.2
238320,39.8,2.2,8,3.2,46.8
238400,33.1,10.5,11.7,7.8,37
239201,30.1,4.2,5,4.9,55.9
239202,38.4,2.1,4,3.2,52.4
239310,39.8,2.9,4.4,3.8,49.1
239320,37.8,2.1,2.9,2.6,54.6
239330,39.8,4.8,3.7,2.5,49.2
239501,35.6,3.4,6.2,2.3,52.5
239502,31.3,3.9,2.9,4.5,57.4
239601,34,3.3,3.4,5.4,53.9
239602,31.8,2.4,4.9,2.8,58.1
239701,31.3,3.3,6.7,5.1,53.6
239702,30.6,4.3,6.5,7.5,51
239801,35.8,3.9,6.6,4.5,49.2
239802,27.9,3.4,6.4,6.2,56.2
240010,33.4,2.2,6.1,4.6,53.6
240020,36.7,5.1,3.4,4.3,50.5
240200,37.9,5,7.9,2.3,46.9
240300,31.6,3.3,5.3,6.6,53.1
240401,27.4,2.9,5.6,5.8,58.3
240402,38.7,6,8.9,4.9,41.4
240500,36,2.1,5.2,4.4,52.4
240600,32.2,5.7,6.1,3.7,52.3
240700,28.3,6,6.6,5.3,53.9
240800,28.2,5.6,6.9,3.2,56.1
240900,33.2,4.3,7.3,4.7,50.5
241001,28.7,4.9,5.4,7.1,54
241002,34.5,5.5,8.3,4.6,47
241110,35.1,5.8,6.8,4,48.3
241120,27.3,6.1,10.4,5.2,50.9
241201,31.9,7.5,13.3,1.9,45.4
241202,34.8,5.8,9.9,2.7,46.8
241300,43.8,4.5,7.9,0.8,43
241400,29.4,5.6,3.4,4.7,56.9
242000,32.9,3.5,5.8,4.3,53.5
242100,21.1,1.8,2.5,2.4,72.2
242200,30.6,3,4.6,4.3,57.6
242300,23.3,5.6,8.1,4.4,58.6
242600,18.7,2.8,5.5,5.5,67.5
242700,36.1,3,7.5,3.6,49.8
243000,37.5,4.2,3.9,3.2,51.2
243100,26.5,5.4,7.2,5,55.8
261101,60.5,5.2,8.9,0.8,24.7
261102,61.1,5.9,7,1,25
261200,59.1,3.9,7.7,1.8,27.5
262100,61.1,6.3,9.6,0.6,22.4
262200,62.6,5,6.9,0.5,25
262301,47.9,4,6.8,2,39.3
262302,56.1,4.3,11.4,2,26.2
262303,64.8,7.7,7,1.3,19.1
262400,71.1,6,3.9,2,17.1
262501,63.3,5.1,11.2,1.4,18.9
262601,67.3,3,8.5,0.6,20.5
262604,62.1,7.6,10.3,2.1,17.8
262704,49.8,4.6,12.4,2,31.1
262706,62.6,4.1,7.7,1.5,24.1
262802,65.6,2.6,7.9,0.7,23.2
264000,62.6,5,8,0.5,23.9
264102,37,3.5,8.3,0.4,50.8
264103,38.2,4.2,9.8,1.8,45.9
264301,22.3,5.5,8.6,1.4,62.2
264302,38.6,4.5,12.2,1.3,43.4
265100,48.1,21.4,9.5,2,18.9
265201,28.6,4,3.9,0,63.6
265202,31.8,11.2,11.5,2.4,43.1
265301,0.1,0,0.1,0,99.8
265303,3.5,0,0.7,0.4,95.4
265304,5.1,0.6,0.5,0,93.7
265305,10,0.5,0.7,1.3,87.5
265410,45.4,4.5,12.2,5.6,32.3
265420,57.7,3.6,8.3,0.3,30.1
265510,24.9,2.2,6,0.3,66.6
265520,40.4,5.2,8.1,0.8,45.5
265601,43.1,4.2,10.8,0.8,41
265602,46.4,10,9.6,1.8,32.3
265700,40.1,6.7,12.8,1.1,39.3
267100,42,6.6,6.8,2.1,42.4
267200,40.7,4.3,10.6,1.3,43.2
267300,28.9,2.5,9,1.5,58
267402,24.5,3,10.7,0.6,61.2
267403,27.7,1.6,9,1.1,60.6
267404,31.3,3.3,8.1,1.7,55.7
267501,39.3,1.5,6.8,0.6,51.8
267502,34.7,1.9,7.6,1.3,54.6
267600,31.8,5.1,12.8,1,49.3
267700,37.8,3.1,9.2,0,49.9
267800,43.9,8.8,7.8,0.8,38.6
267901,55.6,17.3,5.2,0,21.9
267902,48,4.6,13.9,0.7,32.8
269000,50.1,6.2,9.3,1.7,32.8
269100,48,4.5,7.5,3.2,36.8
269300,60.6,2.6,9.7,1.2,25.9
269500,70.2,5.6,4.3,1.3,18.4
269601,36.4,4.8,8.6,3.3,47
269602,26.6,3.6,7.5,2.5,59.9
269700,42.4,3.2,8.2,2.2,44
269800,26.8,4.5,13.1,1,54.6
269903,29.2,0.7,8.5,1.4,60.1
269904,26.8,1.5,12.6,1.7,57.3
269905,30.6,1.5,7.4,1.2,59.2
269906,41.2,0.4,10.8,1.4,46.2
269907,24.2,2,12.1,4.4,57.4
270100,30.5,1.8,7.4,1.8,58.4
270200,30.4,6.8,8.4,3.9,50.5
270300,38.4,4.7,7.6,1.1,48.2
271100,49.1,2.8,8.7,1.7,37.8
271200,32.6,2.5,5.3,0,59.6
271300,49.7,3.4,9,0.4,37.5
271400,56.9,3.6,9,0.3,30.1
271500,52.5,7.7,11.3,2.5,26
271600,55.2,1.7,6.8,1.4,34.9
271701,37.8,2.8,8.1,1,50.4
271702,52.6,1.6,4.6,0.5,40.7
271801,36.6,3.1,6,1.8,52.5
271802,38.3,1.9,9.2,1.9,48.7
271901,32.8,4.4,9.2,0.6,52.9
271902,42.8,2.6,9.8,1.5,43.2
272100,46.8,5.1,9.9,1.4,36.8
272201,28,1.8,6.9,1.6,61.8
272202,31.6,1.4,7.1,5,54.9
272301,33.7,7.9,13.3,1.4,43.7
272302,37.8,3.3,10.5,1.4,47
273100,43.4,3.1,9.8,3.7,40.1
273200,31.9,3.7,13.8,2.7,48
273300,30.3,0.1,6.3,0.6,62.7
273402,27.2,1.1,11.1,2.5,58
273502,31.5,1.8,11.9,1.1,53.6
273600,55.2,1.3,13.6,0.5,29.4
273700,44.8,2.7,7.3,2.5,42.8
273800,37.3,2.1,8.5,0.6,51.5
273902,37.8,4.1,11.4,2.9,43.8
274100,33.5,2.1,18.5,2.3,43.7
274202,46.2,4.1,15,1.5,33.2
275101,36.7,3.8,11.2,0,48.3
275102,44.4,1.4,5.2,0.7,48.3
275200,42.1,2,5.5,2.3,48.1
275302,39.3,8.2,15.3,3.4,33.8
275311,49,3,6.4,2,39.6
275400,45.1,2,10.8,2.2,39.9
275500,36.2,4.4,8.3,2.2,49
275602,45.5,2,5.4,1.3,45.8
275603,42.5,5.7,12.5,0.6,38.8
276000,54.5,8.3,6.2,0.4,30.6
276100,23.2,6.1,13.1,1.9,55.8
276400,48.6,6.9,7.2,0.4,36.8
276500,14.6,1.3,2.3,0.4,81.4
276601,49.7,4.7,5.8,0.4,39.4
276603,31.8,1.8,12.4,1,53
276604,34.4,4.4,6.3,2.2,52.7
277000,59.8,5.9,8.6,0.5,25.1
277100,59.7,5.8,7.4,2.8,24.2
277200,21.6,3.7,15.4,1.4,57.9
277400,24.1,3,11,5.3,56.6
278001,47.8,5.2,11.7,2.5,32.8
278102,52.1,3.2,12.6,1,31.1
291110,28.1,5.3,11.8,2.2,52.6
291120,41,3.2,4.6,5.5,45.7
291130,40.4,6.3,10.3,1.5,41.5
291210,42.5,6,10.5,2.7,38.4
291220,46.5,6,4.3,3.2,39.9
291300,51.5,6.8,8,0.1,33.6
292000,35.1,3,8.1,2.7,51.1
293201,36.4,3.4,7.8,4.5,47.9
293202,46.9,1.5,6.6,2.4,42.7
293301,51,4.4,10.4,2.3,32
293302,43.3,5.7,9.8,4.3,36.9
293304,41.7,5.3,7.8,2.7,42.5
293306,49.5,7,4.8,2.1,36.6
293307,37.8,1.6,13.1,6.9,40.5
294110,40.4,8.3,11.7,0.7,38.9
294120,37.5,3.9,7.6,3.5,47.4
294200,46.4,2.6,7.9,2.2,40.9
294301,49.2,5.5,5.3,0.9,39
294302,40.6,6.6,6.6,2.3,43.9
294410,37.2,3.5,9.3,2,48.1
294421,35.6,3.9,10.5,4,46
294510,38.5,5.1,7.1,4.3,44.9
294520,41.8,2.8,6.9,3.3,45.1
294610,38.4,6.2,7.6,2.4,45.4
294620,44.1,5.8,2.6,2,45.5
294701,36.4,4.2,8.7,2.9,47.7
294810,33.4,4.5,4.3,4.4,53.4
294820,39.4,3.6,6.6,5.9,44.4
294830,42.1,2.7,4.4,5.2,45.6
294900,38.3,4.4,5.4,4.4,47.6
295103,50,7.5,9.9,0.9,31.6
296210,33.1,5.3,8.5,3.8,49.2
296220,28.3,9,5.3,5.4,51.9
296300,50.6,5.3,14.8,1.9,27.4
296401,47.5,7.7,12.5,1,31.3
296402,46.5,3.9,10,0,39.6
296500,35.7,8.2,5.9,5.6,44.7
296600,30.5,2.4,12.6,4.2,50.4
296901,38.6,5.6,12.1,4.3,39.5
296902,36.6,6.1,14.1,4.2,39
297000,55.3,3.3,10,3.7,27.7
297110,29.1,1.6,12.6,1.8,54.9
297120,36.6,1.7,8.5,3,50.2
297201,41.9,4.8,7.9,0.3,45.1
297202,40.8,2.4,12.2,4.2,40.4
297300,62.9,8.5,4.9,1.8,21.9
297400,55.2,10.9,9.4,1,23.6
297500,46.1,8.3,12.3,3.4,29.9
297601,48.2,2,18.9,2.9,28.1
297602,40.7,5.5,13,2.8,38
300100,58.6,5.5,9.1,0.3,26.4
300200,58.2,6.2,8.6,1.8,25.2
300301,55,5.7,6.8,3.4,29.1
300400,54.1,3,7.9,1.5,33.4
300501,54.8,5,12.1,1.1,27
300502,52.5,5.9,8.7,0.3,32.5
300600,53,7.7,5.9,2,31.4
300701,58.9,6.1,7.3,0.9,26.8
300702,61.7,5.8,6.2,1,25.3
300800,58.9,7,5.7,0.3,28.1
300901,58.4,7,5.7,0.3,28.6
300902,63.8,4.2,6.6,0.3,25
301000,41.1,5,10.9,2.5,40.4
301100,47.5,7.6,12.8,0.4,31.6
301203,44.2,8.6,9.3,3,34.9
301204,49.1,7.8,4.4,0.8,37.9
301205,64.2,6.2,3.1,0.7,25.8
301206,52.4,5.4,8,0.2,34.1
301300,62.1,5.4,9.3,0.3,22.8
301400,60.4,4.7,4.9,0.7,29.3
301501,57.9,7,4.7,0.2,30
301502,51.7,9.4,6.9,0.5,31.6
301601,48.5,8.4,5.5,1.8,35.7
301602,39.5,4.3,8.5,6.6,41
301701,36.3,6.8,11.7,2.6,42.5
301702,45.7,5.2,7.9,3.1,38
301801,49,5.2,9.4,2.7,33.6
301802,48.3,9.4,6.5,3.7,32.1
301900,47.1,8.3,10.5,1,33.1
302002,45.4,11.2,6.5,0.7,36.2
302003,40.4,9.9,12.7,0.3,36.7
302004,46.2,6.1,5.9,1.1,40.7
302102,45.1,6.9,9.5,2.3,36.2
302103,49.9,6.5,6.5,2.5,34.5
302104,47.3,5.1,9.1,2.3,36.2
302201,41.4,15.9,7.2,2.1,33.4
302202,45.2,6.7,9.3,2.1,36.7
302301,48.3,5.4,8.4,3.1,34.8
302302,40,8.3,6.5,2.9,42.3
302401,51.3,5.4,4.6,2,36.7
302503,46.9,6.8,7.8,2.8,35.7
302504,47.3,7.4,9.1,1.1,35.1
302505,47.6,4.9,8.5,2.7,36.3
302506,47,5.3,8.5,2.7,36.5
310100,68.9,3.7,2.7,0.2,24.5
310201,55,6.5,7.9,1.1,29.5
310202,51.6,5.2,8.4,1,33.8
310300,65.7,5.5,7.7,2.8,18.3
310400,57.8,4.7,9,1,27.5
310501,45,2.3,10,1.5,41.3
310601,42,5.3,10.1,1.8,40.8
310602,54.3,1.8,10.6,1.8,31.5
310701,46,12.8,12.6,2.5,26.1
310702,36.9,8.1,9.9,1.3,43.9
310703,43.4,5.3,4.5,3.1,43.6
310800,44.6,8.4,7.9,2,37.1
310900,51,3.4,11.2,2.5,31.8
311000,46.7,6.7,8.5,2.6,35.5
311100,58.3,4.4,6.8,3.3,27.2
311200,46.6,6.4,7.1,1.5,38.3
311300,48.7,4.3,11.1,2.4,33.5
311400,44.3,6.3,12,3.3,34
311500,42.2,4,11.2,0.2,42.5
311600,29.9,5,9.8,1.7,53.6
311700,46.4,8.3,9.8,0.4,35.2
311801,41.5,8.5,11.8,2.4,35.7
311802,31,6.5,10.5,5,47
320000,-,-,-,-,-
320100,40.7,2.7,5.9,6.4,44.4
320201,39.2,4.9,8.9,2.4,44.7
320202,51.4,5.2,7.4,2.1,33.9
320300,39.6,4.5,6.6,3.3,45.9
400204,67.7,6.2,4.3,0.8,20.9
400205,70.6,4.7,3.7,0.9,20.2
400206,63.6,5,5.4,0.3,25.7
400207,55.3,4.6,8.2,1.1,30.9
400302,51.8,8.6,11,1,27.6
400304,48.3,3.5,7.9,1.9,38.4
400402,48.7,6.2,6.1,4.7,34.2
400403,49.4,5.5,9.1,3.1,33
400404,59.8,4.7,5.1,1.2,29.1
400501,60.7,6,6.3,0.4,26.6
400602,40.7,4.6,14,2.2,38.5
400603,44.4,2.7,10.5,1.3,41.1
400604,43.8,4.3,10.1,4.5,37.3
400800,19.5,2.9,4.2,1.1,72.4
400900,45.1,4.6,9.9,3,37.5
401001,57.1,6.8,10.3,0.9,25
401002,58.8,5.9,11.4,1.3,22.7
401101,48.4,8.4,13.9,1.6,27.7
401102,42.1,3.8,12.7,0.8,40.6
401201,62.4,2.7,6.3,0.2,28.3
401202,44,8,10.3,0.2,37.6
401203,47.9,6.7,12,2.1,31.4
401303,60,7.1,8.1,0.7,24.1
401304,60,4.6,9.1,1.4,24.9
401311,52.9,7,7.9,2.4,29.8
401312,45.8,10.1,11.3,0.1,32.6
401500,38.3,3.6,9.7,1.8,46.6
401601,50.5,10.1,9.2,1.8,28.4
401602,50.2,6.7,11.1,2.9,29.2
401603,47.4,19.1,12.4,1.4,19.7
401701,47.7,7.5,15.2,1.2,28.4
401703,41.9,3.5,5.8,2,46.8
401704,42.7,7.8,9.9,2.1,37.6
401800,47.9,6,11.7,2.1,32.3
401901,2.7,0.1,0.4,0,96.8
401902,53.6,11.4,8.6,2.1,24.4
402001,36.5,3.5,13.4,2.2,44.4
402002,41.1,5.5,14.2,1.4,37.8
402101,42.2,4.3,4.6,1.2,47.6
402102,35.6,6.2,9.8,2.5,46
402200,42.7,5,15.2,2.3,34.9
402301,40.4,4.5,7.9,7,40.3
402303,29.9,3.6,10.3,2.5,53.8
402304,34.8,2.4,8.2,2.8,51.8
402402,38.7,3.2,10.9,3.9,43.4
402403,27.9,3,8.6,1.5,58.9
402404,0.5,0,0.3,0,99.2
402405,39.4,3.7,11.3,1.9,43.7
402406,45.6,3.4,5.4,2.1,43.5
402501,41.7,3.2,5.1,2,48
402502,44.1,3.1,3.8,4.5,44.6
402600,34.8,4.6,13,5.7,41.9
402702,38.4,1.9,6.5,4.9,48.3
402703,41.3,5,7.7,2.4,43.6
402705,41.3,7.3,8.2,3.5,39.7
402706,41.8,2.7,8.1,1.5,46
402801,42.2,3.8,5.7,3.2,45.1
402803,42.4,5.9,6.8,1.3,43.6
402804,43.9,3.5,9.6,2.2,40.7
402902,38.9,2.7,6.5,3.6,48.2
402903,45.3,6.4,4.6,2.3,41.4
402904,47.3,3,6.7,2.5,40.5
403000,38,3.1,8.3,4.1,46.5
403200,17.9,8.7,14.6,0.2,58.6
403303,49.6,7.2,8.5,1.7,33
403304,60.4,8.3,4.1,0.8,26.5
403305,57.4,2.6,6.7,1.5,31.9
403312,51.4,3.8,7.6,1.1,36.1
403316,52,6.8,9.7,0,31.5
403317,56.8,5,7.4,1.5,29.4
403318,51.6,5.3,9.4,0.4,33.3
403319,50.7,3.4,9.1,0.3,36.5
403320,60.3,5.4,5.2,1.6,27.5
403321,49.9,5.8,7.7,1.1,35.6
403322,59.5,4.2,7.9,0.4,28
403323,55.4,5.9,6.4,1.1,31.2
403324,58,4.2,5.6,0.9,31.3
403325,59.1,4.3,4.7,0.4,31.4
403401,62.7,4.5,5.1,0.2,27.4
403402,47.5,8.4,8.1,1.5,34.4
403403,64,5,2.8,1.7,26.5
403404,59.9,7.8,4.4,1.3,26.6
403405,62.4,2.8,4.8,0,30
403406,51.1,4.9,4.6,1.3,38
403407,69.3,2.9,3.9,1.4,22.5
403408,62.1,4.9,3.4,0.8,28.8
403500,56.2,10.3,6.7,0.4,26.4
403600,55,5.4,9.7,1.2,28.7
403702,57.5,5.2,9.2,1,27.1
403703,47.9,12.8,9.7,2.6,27
403721,45.8,6.6,7.1,0.6,39.9
403722,47.8,3.3,8.7,3.5,36.6
403801,45.3,4,9.1,1.6,40
403802,42.9,4.8,11.3,2,38.9
403901,46,5.8,6.9,0.8,40.4
403902,42.2,6.8,8.1,3.1,39.7
404000,39.6,5.3,13.8,2.3,39
404100,45,5.4,5.1,3.6,40.9
404201,42.9,4.8,6.5,2.4,43.4
404202,24.4,2.3,5,1.8,66.5
404301,46.1,4.3,6,1.8,41.8
404302,38.1,4.9,4.3,3.5,49.2
404401,47.8,4.6,5.7,3.4,38.5
404402,46.4,4.7,4.7,1.5,42.7
404501,45.9,3.3,8.3,1.4,41
404503,47,4.9,6.7,1.4,40.1
404504,32.1,3.9,9.7,2.5,51.7
404600,43.2,5.6,7,3.6,40.6
404701,47.1,6.7,4.4,1.8,40
404702,48.2,2.6,5.5,3.1,40.6
404703,39.3,3.1,4.5,3.3,49.7
404801,48.8,3.8,6.9,1,39.5
404802,52.3,4.8,3.6,2.8,36.5
404803,38.8,8.3,6,3.4,43.6
404901,47.5,6.8,5.3,1.5,38.9
404902,45.9,6.8,5.9,3.1,38.3
404903,47.8,4.8,7,1.4,39
405001,43.1,7.2,5,1.5,43.2
405002,45.5,5.9,3.7,2.9,42.1
405101,50,5.2,4.6,1.7,38.5
405102,48.3,5.8,7.1,1.9,37
405201,44.1,4.1,4.5,3.7,43.7
405202,42.7,5.5,3.7,1.3,46.7
405203,40.2,4.6,5.6,1.4,48.2
405301,44.2,4.5,8.8,6.9,35.7
405302,46.5,4.4,9.6,1.3,38.2
405400,50.4,6.5,6.4,2.1,34.6
405500,48.5,4.6,7.5,3.4,36.1
405600,49.5,6.1,6.1,2.4,36
405701,42.1,3.2,7.3,1.4,46.1
405702,44.8,4.1,5.7,1.6,43.8
405800,48.2,4.1,11.6,3.2,32.8
405900,49.6,2.3,7.2,1.1,39.7
406000,43.2,8.3,9.4,2.1,37.1
406101,40.5,4.5,13.7,4.6,36.7
406102,39,4.6,13.7,3.6,39.2
406200,40.5,11.7,9.3,0.9,37.7
406300,48.2,6.4,6.9,2.2,36.4
406402,46,5.7,12,1,35.3
406411,48.3,7.2,5,2.5,37
406412,53.1,6.6,6.9,0.7,32.7
406500,43.2,5.2,9.3,2.1,40.2
406601,49.1,5.6,7.1,0.2,38
406602,47.2,7.1,7.7,2.9,35.1
406701,49.5,4.8,7.3,4,34.4
406702,49.8,5,10.5,1.9,32.7
406800,52.1,5.2,7.8,1.5,33.4
406901,54.5,5.6,6,4.6,29.3
406902,45.3,5.8,7.9,2.1,38.8
407001,37,7,7.9,3.7,44.4
407002,46.1,5,7.5,3.2,38.2
407101,43.8,4.3,6.4,7.8,37.8
407102,43.5,4.3,7.8,2.9,41.6
407200,37.2,5.9,6.7,3.9,46.3
407301,32.1,6.5,11.6,2.6,47.1
407302,42.1,6.4,10.4,3.1,38.1
407400,48.9,3.9,7.5,2.7,37
407501,52.7,3.6,6,2.8,34.9
407502,42.7,2.4,11,1.5,42.4
407601,45.3,2.4,7.8,3,41.6
407602,45.5,5.7,7,1.9,39.9
407701,34.3,6.9,7.3,4.3,47.2
407702,48.9,4.4,7.4,3,36.2
407801,38.8,6.7,7.6,2.9,44
407802,43.4,5.2,6.6,3.3,41.5
407900,48.5,3.5,7.4,2.5,38.2
408003,46.4,8.8,7.1,0.8,36.9
408004,48.6,5.7,9.7,1.2,34.9
408005,52.6,4.8,9.1,0.7,32.9
408006,52.4,6.5,5.1,2,34
408133,46.2,3.6,8.3,1.9,39.9
408134,42.1,8.4,7.4,1.4,40.7
408135,49.1,2.9,11.9,3.1,33
408136,53.1,4.1,7,2.3,33.6
408137,46.3,4.7,8.5,2.5,38
408138,41.1,5.3,5.4,3.5,44.8
408139,47.5,5.4,4.6,2.6,40
408140,44.7,5,4,1.2,45.2
408141,45.2,7.4,4.2,1.4,41.8
408202,39.3,8.2,8.9,2.6,41
408211,53.5,5,8.3,0.9,32.2
408212,52.8,3.3,6.1,2.5,35.3
408301,43.1,4.9,6.2,2.7,43.2
408302,58.9,4.9,4.9,0.5,30.7
408303,38.5,5.5,9.6,3.1,43.2
408401,44.2,9.3,7.1,2,37.5
408402,52,6.5,9.1,1.8,30.6
408501,45.8,6.8,5.1,1.1,41.2
408503,58.4,5.7,4,1,30.9
408504,47.5,5.3,4.4,1.3,41.4
408505,61.6,5.5,5.8,0.7,26.4
408623,51.8,5.5,10.1,3.7,28.9
408624,63.4,5.6,6.5,1.4,23.1
408625,63.8,6.9,4,2.6,22.6
408626,55.1,4,7,1.2,32.8
408627,56.8,5.1,8,1.6,28.5
408628,57.4,6.8,6.7,1.6,27.5
408629,62.3,5,5.8,0.4,26.4
408630,45.7,6.4,7,1.9,39
408631,37.4,5.6,11.7,2.1,43.2
408703,63.1,3.8,4.4,0.7,28
408704,48.4,10.1,12.6,0.7,28.3
408705,55.6,5,6.8,2.8,29.8
408706,51.1,5.1,3,0.4,40.4
408722,51,4.5,6,1.2,37.3
408723,49.1,8.2,9.6,0.8,32.3
408724,50.3,3.5,7.3,1.3,37.6
408800,33.9,4.4,9.9,1.4,50.4
430002,42.6,5.7,12.9,0.7,38.1
430003,58.2,5.2,6,3,27.7
430101,37.4,11.3,13.4,1.5,36.5
430102,47.6,4.4,5.8,2.6,39.7
430200,53.4,15,5.3,0.2,26.1
430301,62.1,4.9,11.1,0.6,21.3
430302,49.3,5.8,14.2,0.4,30.2
430400,62.9,6.2,3.7,1.3,25.9
430501,59.3,6.5,10.1,0.6,23.4
430502,55.6,4.3,12.7,1.2,26.2
430600,63.4,6.2,4.6,1.5,24.4
430701,64.3,4.9,6.4,0.4,24.1
430721,57.1,5.7,7.2,1.1,28.9
430723,60.5,4.3,7.9,0.1,27.3
430724,50,6.4,8.9,3.1,31.5
430801,51.3,2.3,10.3,1.6,34.4
430802,53.1,7.4,8.3,0.8,30.4
430803,62.4,6.7,4.9,1.2,24.8
430901,44.8,5.1,8.7,2.9,38.6
430902,44.2,3.6,8.7,2.7,40.8
431001,37,1.3,13.9,5.8,42
431002,46.9,6.6,12.8,1.6,32.1
431100,45.1,4.7,6.1,2.2,41.9
431200,41.9,3.4,8.3,3.1,43.3
431300,48.1,5.3,8.5,0.5,37.6
431400,52.8,5.7,5.1,1,35.4
431501,44,8.5,7.8,1.5,38.2
431502,54.8,4.6,7.2,1.1,32.3
431600,56.1,8.3,5.6,1.5,28.6
431700,62.8,10.1,3.6,0,23.5
431800,50.3,9.8,7,2.2,30.6
431900,52.5,6.4,9.1,0.6,31.5
432000,52.4,12.6,6.8,0.5,27.8
432101,55.2,7.4,4.8,1.5,31.1
432102,59.5,4.7,6.1,0.7,28.9
432201,55.9,9,5.2,0.7,29.3
432202,47.9,3.8,5.5,1.3,41.5
432300,48,3.5,5.4,1.6,41.5
432401,37.8,5.1,6.7,4.8,45.7
432402,46.7,5.5,7.1,3.1,37.6
432500,48.5,7.4,6.8,1.4,35.9
432601,44,4,5.5,1,45.5
432602,43.7,6.1,6.7,3.6,39.9
432700,46.8,3.9,4.6,2.5,42.3
432801,42.5,13.3,4.6,2,37.6
432802,45.1,5.5,5.3,1.5,42.6
432901,46.2,5.4,5.2,2.7,40.5
432902,52.4,7.6,6.4,0.8,32.9
433101,47.5,6.9,6.6,2.9,36.1
433102,39.8,5.7,6.3,4.3,44
433200,39.2,6.8,6.5,3.1,44.4
433302,45.5,6.3,7.3,2.2,38.7
433304,40.4,4.2,4.6,3.7,47.1
433305,41.8,2.1,4,2.7,49.3
433306,50.2,3.3,6.9,1.2,38.4
433307,49.6,3.9,4.4,3.4,38.7
433401,39,3.8,3.4,3.5,50.3
433402,46.4,5.5,6,3.8,38.3
433403,41.7,3.9,5.5,3.8,45
433501,30.6,7.9,8.2,5,48.3
433503,40.6,3.5,6.6,3.1,46.1
433504,48.2,3.7,5.8,5.3,37
433601,47.4,8.5,5.2,1.4,37.5
433602,47.2,7.9,6.8,1.7,36.4
433700,44.9,6,7.6,1.5,40.1
433801,40.4,6.9,6.7,3.1,42.9
433802,42.7,8.9,6.1,1.6,40.6
433901,32,2.8,6.7,3.4,55
433902,51.6,5,9.3,2.6,31.6
434001,41.7,4.5,8.1,1.6,44.1
434003,33.9,5.7,6.3,5.5,48.6
434004,43.3,7.6,3.7,3.8,41.6
460000,59.5,8.2,5.8,1.3,25.2
460100,58.7,4.2,5.5,2.7,28.9
460200,44.7,5.7,10.4,0.8,38.3
460301,54.5,7.4,9.5,1.2,27.4
460302,43.2,6.6,8,2.7,39.5
460401,51,4,9.2,1.5,34.3
460501,66.4,5.4,3.2,0.5,24.6
460502,63.8,2.7,5,0.4,28
460600,63,5.4,5.7,0.5,25.4
460700,63.3,4.4,2.6,1.7,28
460800,68.8,5.1,4.6,1.5,20
460900,39.6,5.8,7.8,1.7,45
461000,34.3,3.1,8.4,3.3,50.9
461100,46,3.7,8.9,0.8,40.6
461200,56.1,4.4,11.4,0.7,27.5
461300,52.4,6.4,10,1.8,29.4
461400,44.7,6.3,6.9,2.1,40
461501,34.2,4.8,11.9,4.4,44.7
461502,35.7,7.4,8.2,3.4,45.3
461600,35.7,5.5,9.9,3,45.9
461700,50.3,8.1,11.4,0.4,29.7
461901,31.7,2.2,7.5,3.8,54.8
461902,18.3,7.9,8.6,2.1,63.1
462001,43.1,3,5.4,5.3,43.2
462002,35.9,5.4,8.2,2.8,47.7
